"HEK_Exosome_CAV_1"	"HEK_Exosome_CAV_2"	"HEK_Exosome_CAV_3"	"HEK_Exosome_PN4.11_1"	"HEK_Exosome_PN4.11_2"	"HEK_Exosome_PN4.11_3"	"HEK_Exosome_PRKCA4_1"	"HEK_Exosome_PRKCA4_2"	"HEK_Exosome_PRKCA4_3"	"HEK_Exosome_PRTF_2"	"HEK_Exosome_PRTF_3"	"HEK_Exosome_PTRF_1"	"HEK_Exosome_SDPR_1"	"HEK_Exosome_SDPR_2"	"HEK_Exosome_SDPR_3"
"hsa-miR-590-3p"	30	3	13	28	9	16	18	7	20	6	1	12	27	11	0
"hsa-let-7f-2-5p"	279	95	1533	1693	535	681	313	538	1534	322	36	644	1017	314	53
"hsa-miR-30c-2-3p"	3	0	39	31	27	3	5	24	46	6	0	23	32	2	1
"hsa-miR-1254-1-5p"	6	4	22	19	7	2	16	22	51	7	0	30	16	11	1
"hsa-miR-4485-3p"	1	0	292	17	21	21	1	7	429	6	0	6	12	1	8
"hsa-miR-1273d-3p"	1	1	39	23	10	8	8	14	44	23	0	31	30	3	0
"hsa-miR-9-3-3p"	4	2	53	60	9	4	29	15	36	14	1	107	89	5	1
"hsa-miR-8485-3p"	1	0	34	39	37	0	0	35	21	53	0	19	0	0	8
"hsa-miR-195-5p"	2	1	5	24	0	0	0	3	4	3	0	15	13	0	0
"hsa-miR-3176-3p"	4	2	9	29	4	0	3	12	7	5	0	31	10	7	0
"hsa-miR-422a-5p"	22	1	13	23	7	9	25	17	22	13	0	45	26	8	0
"hsa-miR-4474-3p"	3	1	1	11	1	1	7	1	4	1	0	15	4	0	0
"hsa-miR-3135b-3p"	3	0	21	11	7	0	7	10	4	21	0	26	20	3	1
"hsa-miR-20a-5p"	4824	1115	16953	23259	6974	1342	5707	15157	12244	15078	94	17499	17476	2997	161
"hsa-miR-320b-1-3p"	1224	159	274	731	91	200	1689	276	602	224	9	1299	765	398	51
"hsa-miR-3929-3p"	5	2	81	51	43	5	6	70	53	64	0	83	124	2	1
"hsa-miR-30d-5p"	1003	145	3619	2906	936	960	1399	1094	2895	867	108	2867	1661	315	57
"hsa-miR-205-5p"	0	12	98	51	2	152	2	9	8	1	4	4	11	0	7
"hsa-miR-320d-2-3p"	151	18	62	232	10	22	159	50	76	55	0	301	167	55	8
"hsa-miR-548an-5p"	4	1	5	14	1	0	8	2	4	5	0	36	9	0	0
"hsa-miR-204-5p"	7	0	11	8	0	3	3	0	13	1	0	6	11	1	1
"hsa-miR-320b-2-3p"	1282	172	363	878	157	235	1747	361	765	280	11	1423	868	414	55
"hsa-miR-342-3p"	25	1	30	74	20	6	14	26	24	25	1	25	43	18	1
"hsa-miR-548h-3-3p"	9	3	12	14	4	6	12	11	14	4	0	15	16	10	0
"hsa-miR-744-3p"	12	0	8	12	1	0	13	9	7	8	0	7	10	2	0
"hsa-miR-619-5p"	1	3	39	29	17	2	8	18	47	25	1	24	41	5	2
"hsa-miR-106a-5p"	118	27	511	707	197	58	140	395	391	430	2	488	531	66	3
"hsa-miR-1271-5p"	4	0	18	31	2	3	2	9	25	13	0	21	15	7	1
"hsa-miR-15a-5p"	11	2	93	104	11	5	22	22	47	18	0	165	114	9	2
"hsa-miR-1296-5p"	28	5	20	21	4	7	31	7	38	3	0	25	19	18	1
"hsa-miR-5684-3p"	0	1	26	9	7	3	2	9	26	10	0	9	16	5	0
"hsa-miR-93-5p"	1497	303	5228	9380	2746	394	1750	5165	4746	4789	44	7912	8812	1442	67
"hsa-miR-3929-5p"	2	0	23	6	7	0	2	7	17	16	0	8	14	2	0
"hsa-miR-502-3p"	266	16	209	615	56	34	312	131	161	118	0	925	873	105	7
"hsa-miR-561-5p"	13	1	13	22	10	8	34	2	29	8	0	21	5	20	1
"hsa-miR-151a-5p"	48	15	63	160	12	54	111	21	46	7	2	31	16	58	7
"hsa-miR-7641-1-3p"	38	18	207	255	476	36	73	218	141	460	0	100	223	47	24
"hsa-miR-9-2-3p"	4	1	21	22	4	5	9	4	16	6	1	26	22	1	0
"hsa-miR-423-5p"	1138	203	396	806	126	232	1545	370	583	293	16	1256	936	537	44
"hsa-miR-500a-3p"	298	19	258	720	63	30	377	150	214	144	3	956	990	126	7
"hsa-miR-200c-3p"	13	1	19	66	6	1	12	3	13	11	2	9	12	6	14
"hsa-miR-629-5p"	1642	174	639	2872	365	169	2625	542	749	580	2	4882	3132	686	25
"hsa-let-7i-5p"	46	30	224	346	52	131	36	78	174	65	12	216	173	46	6
"hsa-miR-548ad-5p"	9	0	18	39	3	1	17	18	23	16	0	49	28	14	0
"hsa-miR-486-1-5p"	32	4	125	62	18	14	42	15	121	8	0	103	60	19	0
"hsa-miR-330-3p"	39	11	92	55	23	21	60	49	89	33	2	48	56	36	5
"hsa-miR-23a-3p"	30	12	122	112	21	38	24	41	86	23	1	83	135	17	2
"hsa-miR-1273a-5p"	9	3	80	54	27	14	19	58	103	31	3	51	44	26	3
"hsa-miR-374b-3p"	0	1	20	13	9	5	15	1	11	0	1	4	13	2	1
"hsa-miR-548ay-5p"	21	0	31	62	11	3	28	39	44	28	0	71	40	19	2
"hsa-miR-450a-2-5p"	68	12	74	62	9	80	150	14	93	15	0	75	52	52	21
"hsa-miR-21-5p"	3168	1151	15862	12937	1575	9702	4029	2257	5826	1214	315	4867	6170	2371	1248
"hsa-miR-365b-3p"	7	0	11	19	1	14	17	3	6	7	0	36	35	2	0
"hsa-miR-1973-3p"	1	0	11	0	0	0	0	0	27	1	0	0	1	0	0
"hsa-let-7f-2-3p"	18	3	4	1	1	1	18	1	6	1	0	9	3	1	0
"hsa-miR-1260b-5p"	4	1	10	8	11	4	1	7	25	3	1	12	12	1	0
"hsa-miR-6747-3p"	1	0	29	9	2	4	2	4	32	2	0	17	8	1	0
"hsa-miR-181d-5p"	41	3	49	51	6	9	61	27	60	23	0	96	92	27	6
"hsa-miR-129-2-5p"	56	12	18	34	6	8	105	13	23	18	0	134	71	13	0
"hsa-miR-582-3p"	49	12	27	62	8	13	63	26	32	16	2	41	52	32	3
"hsa-miR-1307-3p"	415	55	458	366	137	217	574	157	788	136	5	575	394	155	31
"hsa-miR-365a-3p"	7	0	11	19	1	14	17	3	6	7	0	36	35	2	0
"hsa-miR-1226-3p"	3	0	69	8	13	9	6	5	28	1	0	4	4	1	0
"hsa-miR-1273c-3p"	12	2	12	5	2	1	13	5	10	7	0	13	12	6	0
"hsa-miR-708-3p"	58	14	56	45	11	26	72	21	79	9	0	77	33	14	6
"hsa-miR-10b-3p"	4	2	47	55	9	2	13	25	37	8	0	152	109	10	1
"hsa-miR-18a-3p"	9	4	39	33	6	4	19	7	29	12	0	45	38	2	1
"hsa-miR-548e-3p"	41	13	89	103	15	12	45	52	68	62	0	153	121	28	1
"hsa-miR-320c-1-3p"	498	60	125	464	37	70	624	126	212	118	3	801	450	130	19
"hsa-miR-152-3p"	61	9	120	431	28	11	102	54	112	69	0	436	369	35	3
"hsa-miR-6126-5p"	1	1	26	1	1	3	3	2	45	3	0	1	4	0	6
"hsa-miR-574-5p"	84	6	12	31	0	11	119	5	30	3	1	39	53	30	2
"hsa-miR-760-3p"	132	19	62	110	12	42	237	43	98	22	0	170	127	22	6
"hsa-miR-1285-1-3p"	19	2	21	48	15	7	21	16	25	10	0	33	36	15	2
"hsa-miR-148a-3p"	38130	4988	23979	39430	1221	7554	59973	4484	27288	6094	188	47900	45729	11338	2415
"hsa-miR-99b-5p"	681	82	2850	1708	436	450	1177	589	2306	414	13	3597	2109	266	68
"hsa-miR-22-5p"	8	5	9	7	8	4	21	14	13	10	0	24	31	18	2
"hsa-miR-92a-1-5p"	16	1	45	30	15	6	14	7	84	6	1	17	20	2	2
"hsa-miR-548ab-5p"	6	0	20	16	4	7	8	11	9	8	1	29	26	8	2
"hsa-miR-296-5p"	10	0	7	13	3	3	12	9	3	2	0	19	14	2	0
"hsa-miR-19a-3p"	222	20	182	339	56	36	274	76	173	102	4	396	248	110	8
"hsa-miR-1301-3p"	57	5	69	180	26	0	40	38	54	22	1	124	108	11	2
"hsa-miR-361-5p"	55	11	201	283	91	14	89	106	147	82	1	556	404	18	2
"hsa-miR-183-5p"	237	38	1129	940	299	195	233	347	890	237	15	690	860	197	17
"hsa-miR-128-2-3p"	2708	343	4364	2924	457	2153	5479	934	5767	670	30	5388	2967	640	473
"hsa-miR-454-5p"	11	2	53	29	15	6	23	11	38	10	0	25	35	2	0
"hsa-miR-181a-1-5p"	258	45	534	607	154	191	488	287	648	185	9	726	612	228	35
"hsa-miR-301a-5p"	10	3	15	26	6	10	15	8	24	4	0	15	23	12	3
"hsa-miR-2110-3p"	4	0	29	9	1	4	3	1	15	2	0	9	6	0	1
"hsa-miR-3928-3p"	2	3	14	7	2	0	1	9	7	7	0	18	10	2	1
"hsa-miR-222-5p"	5	0	20	8	2	1	2	5	29	3	0	1	2	0	1
"hsa-miR-4664-3p"	12	2	4	4	2	2	19	1	14	2	0	14	3	14	1
"hsa-let-7e-5p"	60	11	115	111	32	68	50	45	152	16	3	46	106	15	5
"hsa-miR-532-5p"	2380	466	1536	1771	371	901	3231	794	2079	659	30	2960	2287	1257	145
"hsa-miR-6131-3p"	60	9	354	481	320	31	168	483	401	657	3	495	464	210	10
"hsa-miR-3613-5p"	134	12	90	117	29	53	177	30	75	20	1	73	107	80	13
"hsa-miR-10a-5p"	11541	1320	18084	17124	3394	7490	19367	5166	19960	2750	289	24086	16679	4108	1236
"hsa-miR-331-3p"	11	1	13	28	5	7	13	5	18	3	1	27	13	2	1
"hsa-miR-378d-2-5p"	214	24	94	170	43	36	161	63	153	74	0	300	111	78	5
"hsa-miR-4419a-3p"	0	0	19	13	8	1	4	9	19	11	0	29	22	1	0
"hsa-miR-186-5p"	569	168	851	977	325	285	784	454	1256	507	10	979	818	506	46
"hsa-miR-217-5p"	11	0	8	46	2	1	18	3	7	6	0	47	33	9	0
"hsa-miR-331-5p"	12	2	20	25	7	7	8	8	26	13	0	58	50	2	1
"hsa-miR-24-2-3p"	465	91	577	2213	92	183	584	247	433	307	6	3052	2295	86	19
"hsa-miR-375-3p"	22	5	31	54	2	24	21	6	18	7	6	31	11	8	13
"hsa-miR-548aq-3p"	9	3	12	14	4	6	12	11	15	4	0	15	16	9	0
"hsa-miR-4497-5p"	8	13	30	50	25	8	13	71	47	27	0	11	104	13	2
"hsa-miR-598-3p"	45	9	49	68	19	18	72	28	69	25	0	76	90	23	3
"hsa-let-7c-5p"	86	21	111	157	39	59	112	67	246	42	6	116	146	76	12
"hsa-miR-4459-3p"	1	1	18	1	3	4	3	4	23	4	0	5	8	4	2
"hsa-miR-25-5p"	23	3	67	54	14	11	11	21	85	10	0	16	39	5	0
"hsa-miR-421-3p"	96	16	200	228	41	21	96	62	134	63	0	233	170	19	3
"hsa-miR-4677-3p"	3	0	13	13	0	6	7	2	7	1	0	15	16	1	0
"hsa-miR-93-3p"	7	1	54	34	13	5	8	11	51	15	0	36	33	3	0
"hsa-miR-98-5p"	4	5	38	47	8	19	2	8	30	5	1	12	24	3	5
"hsa-let-7a-1-3p"	57	14	69	49	14	49	136	22	48	9	2	84	52	15	8
"hsa-miR-149-5p"	14	2	50	20	13	12	22	16	49	7	0	20	44	2	2
"hsa-miR-151b-3p"	12	3	13	26	1	6	24	7	6	2	1	12	5	16	2
"hsa-miR-33a-5p"	13	0	5	17	3	6	11	6	14	5	0	8	12	3	1
"hsa-miR-3909-3p"	1	0	13	5	1	1	2	1	13	7	0	9	6	0	0
"hsa-miR-28-5p"	11	7	100	122	14	13	16	56	75	28	0	69	86	10	0
"hsa-miR-185-5p"	91	34	248	404	108	51	89	257	345	191	3	272	333	68	5
"hsa-miR-374a-3p"	39	6	32	34	7	29	54	13	42	4	0	18	17	37	4
"hsa-miR-378c-5p"	1847	426	1893	3963	730	776	2781	1649	2974	1610	11	6604	3330	1392	103
"hsa-miR-10a-3p"	94	22	233	306	46	53	173	103	202	58	1	741	393	26	9
"hsa-miR-1307-5p"	103	21	49	59	9	56	117	21	112	18	2	101	40	25	7
"hsa-miR-31-5p"	45	4	149	222	45	39	22	50	123	22	0	137	175	26	0
"hsa-miR-378f-3p"	41	5	47	68	9	20	36	17	54	21	0	109	49	11	2
"hsa-miR-320e-3p"	68	10	86	288	7	19	97	59	64	59	2	346	201	12	10
"hsa-miR-374b-5p"	59	11	100	170	46	47	40	43	73	29	4	45	119	46	4
"hsa-miR-6723-3p"	0	0	3	2	12	1	0	0	20	3	0	1	1	8	0
"hsa-miR-193b-3p"	16	3	8	23	6	7	26	6	11	6	0	16	29	13	1
"hsa-miR-378i-5p"	671	127	679	1283	270	324	1117	440	947	451	10	1913	1225	530	45
"hsa-miR-543-3p"	2	1	14	1	0	5	12	0	16	0	0	3	1	1	1
"hsa-miR-4461-3p"	1	1	38	9	17	4	0	8	62	7	0	3	8	14	0
"hsa-miR-218-1-5p"	6694	2467	3660	6579	1302	2764	7666	1839	6808	2063	170	5087	8260	7604	790
"hsa-miR-21-3p"	10	1	21	61	3	19	27	3	9	4	0	20	15	5	3
"hsa-miR-193b-5p"	15	1	9	4	0	2	9	0	4	2	0	10	11	1	0
"hsa-miR-130b-5p"	29	6	313	30	21	48	29	24	249	15	0	84	32	4	8
"hsa-miR-29c-3p"	18	0	6	19	2	3	21	6	7	5	0	30	15	5	0
"hsa-miR-625-3p"	8	1	55	62	22	5	13	14	47	21	2	86	47	10	1
"hsa-miR-24-1-3p"	473	93	577	2214	93	184	590	247	433	308	6	3054	2296	88	19
"hsa-miR-3648-2-3p"	10	10	11	3	11	2	13	24	69	9	0	2	6	54	4
"hsa-miR-7641-2-5p"	120	54	210	250	171	60	126	317	202	214	0	112	282	199	20
"hsa-miR-424-5p"	41	4	102	175	14	17	77	34	78	26	1	365	204	5	0
"hsa-miR-652-3p"	64	18	84	183	29	13	55	61	99	32	1	205	152	47	1
"hsa-miR-138-1-5p"	14	3	3	15	0	0	6	1	6	5	0	10	13	6	0
"hsa-miR-195-3p"	11	0	10	6	1	5	11	2	18	2	0	3	2	6	0
"hsa-miR-671-5p"	16	1	16	27	5	3	22	9	10	4	1	21	18	11	1
"hsa-miR-218-1-3p"	2	0	6	12	1	1	6	3	9	6	0	21	23	2	1
"hsa-miR-5100-3p"	5	0	18	8	4	3	3	4	18	3	0	5	7	0	2
"hsa-miR-125a-3p"	12	0	15	16	6	2	18	9	15	6	0	53	30	5	1
"hsa-miR-676-3p"	21	7	38	38	5	4	48	9	26	15	0	84	37	3	1
"hsa-miR-484-5p"	167	24	895	887	87	31	132	230	549	161	3	1789	1139	74	2
"hsa-miR-126-3p"	14	5	202	155	36	11	6	59	237	21	1	73	107	11	1
"hsa-miR-7-3-5p"	1333	300	4165	6399	2358	617	1917	2754	3889	3190	56	5763	3534	1990	71
"hsa-miR-216b-5p"	8	1	1	12	1	1	5	8	5	2	0	18	15	1	0
"hsa-miR-576-5p"	13	6	17	13	10	7	13	7	13	4	1	18	8	3	2
"hsa-miR-6516-3p"	1	0	10	17	10	0	3	16	7	19	0	12	23	2	0
"hsa-miR-1304-5p"	8	1	9	26	2	3	6	12	6	14	0	21	9	0	1
"hsa-miR-29a-3p"	244	31	193	472	22	160	376	68	106	72	4	506	359	38	8
"hsa-miR-548f-1-3p"	9	3	5	13	1	4	20	5	7	1	0	6	7	5	1
"hsa-miR-16-1-5p"	69	10	265	663	43	27	62	100	198	107	3	726	618	25	5
"hsa-let-7a-3-3p"	57	14	70	49	15	49	136	22	49	9	2	85	53	15	8
"hsa-miR-140-3p"	476	47	577	926	241	134	545	335	627	259	8	805	880	320	15
"hsa-miR-30a-3p"	125	29	297	185	83	85	173	92	369	72	3	249	213	145	16
"hsa-miR-181b-1-5p"	274	42	412	506	144	129	403	246	449	203	3	887	604	141	12
"hsa-miR-196a-2-5p"	225	26	673	690	85	78	428	203	655	177	0	1404	843	103	18
"hsa-miR-1273e-3p"	3	4	46	45	13	5	11	22	34	14	0	31	45	7	0
"hsa-miR-542-3p"	39	12	71	164	15	22	75	29	75	46	2	222	180	28	3
"hsa-miR-9-3-5p"	345	69	220	331	54	110	799	102	274	64	12	318	338	261	33
"hsa-miR-1-2-3p"	4	2	17	8	3	0	8	12	11	7	0	14	17	9	0
"hsa-miR-106b-5p"	172	45	586	657	195	143	213	341	635	205	8	402	538	146	18
"hsa-miR-191-3p"	3	0	7	5	2	1	10	2	13	3	0	11	13	0	1
"hsa-miR-548l-5p"	4	0	9	3	0	5	11	6	14	4	0	7	2	2	1
"hsa-miR-224-5p"	263	33	326	320	27	64	283	87	281	67	1	371	355	105	5
"hsa-miR-550a-3-5p"	1	1	2	7	4	3	9	3	11	2	0	11	13	3	0
"hsa-miR-548h-1-5p"	11	6	15	14	1	2	26	7	6	6	0	9	12	6	3
"hsa-miR-615-3p"	208	16	892	279	25	242	433	100	641	61	2	890	393	24	59
"hsa-miR-100-5p"	153	417	4691	1251	132	4042	166	284	455	153	138	313	1279	54	174
"hsa-miR-4448-3p"	33	19	141	66	186	26	91	207	254	219	0	59	45	241	6
"hsa-miR-4454-5p"	5	0	16	18	0	11	3	4	14	2	1	13	10	2	1
"hsa-miR-378h-5p"	7	3	11	10	5	2	15	10	12	11	0	31	13	3	0
"hsa-miR-363-3p"	17	1	24	19	10	9	19	12	22	7	1	37	61	10	1
"hsa-miR-7974-3p"	15	3	6	5	1	12	2	1	1	0	2	0	0	0	0
"hsa-miR-103a-1-3p"	919	88	6122	6737	2076	574	1275	2038	5102	1170	70	4679	5405	409	70
"hsa-miR-130a-3p"	3	0	9	10	2	0	7	1	2	2	0	32	33	2	1
"hsa-miR-548h-4-5p"	11	6	15	14	1	2	26	7	6	6	0	10	12	6	3
"hsa-miR-28-3p"	100	10	288	325	59	34	126	88	271	74	1	459	328	72	7
"hsa-miR-15b-3p"	123	14	138	217	40	25	171	61	115	61	0	397	302	68	7
"hsa-miR-128-1-3p"	2744	347	4412	2970	462	2172	5519	945	5830	676	32	5433	2995	651	474
"hsa-miR-142-5p"	3	0	14	6	1	2	2	4	20	2	0	4	3	1	1
"hsa-miR-130b-3p"	34	5	41	103	8	5	61	18	31	25	0	178	114	12	1
"hsa-miR-4521-5p"	14	10	30	27	10	18	6	5	14	1	6	5	17	7	2
"hsa-miR-92a-2-3p"	11421	1200	26428	13700	2405	3915	21318	3125	10376	3317	135	29745	13512	3464	592
"hsa-miR-505-3p"	29	1	94	42	11	10	20	9	76	7	0	51	50	6	1
"hsa-miR-296-3p"	85	22	84	216	57	36	109	63	145	60	1	132	165	68	3
"hsa-miR-503-5p"	125	24	245	334	47	40	182	104	164	114	2	573	396	48	3
"hsa-miR-429-3p"	3	14	103	418	2	123	2	5	6	2	3	2	17	1	2
"hsa-miR-185-3p"	8	0	22	14	5	2	15	4	14	5	0	10	14	4	0
"hsa-miR-32-5p"	121	10	68	137	41	39	197	51	94	36	3	306	136	29	4
"hsa-miR-1268a-3p"	0	0	13	7	7	4	0	3	11	7	0	13	12	1	0
"hsa-miR-941-1-3p"	78	2	79	97	30	19	71	20	122	18	0	74	36	40	3
"hsa-miR-378e-3p"	24	4	30	48	16	9	24	21	58	19	0	65	42	21	2
"hsa-miR-3158-2-3p"	2	2	16	17	5	3	0	4	11	9	0	15	18	7	0
"hsa-miR-22-3p"	1163	92	767	4398	346	188	2059	709	564	762	12	7146	6360	389	25
"hsa-miR-1304-3p"	31	15	65	64	38	15	48	40	78	46	0	110	81	32	2
"hsa-miR-548b-5p"	8	0	14	29	6	2	12	14	21	6	0	30	15	3	1
"hsa-miR-9-2-5p"	345	69	220	331	54	110	799	102	274	64	12	318	338	261	33
"hsa-miR-548o-3p"	48	21	39	62	22	20	61	44	60	45	0	58	67	57	3
"hsa-miR-30d-3p"	4	1	9	18	1	2	12	5	13	3	0	15	5	12	0
"hsa-miR-4746-5p"	6	3	5	8	5	1	10	11	7	4	1	13	7	3	0
"hsa-miR-125a-5p"	293	43	1835	1743	141	124	433	240	1259	250	2	2192	1887	40	19
"hsa-miR-362-5p"	34	3	41	41	12	15	30	15	41	6	0	23	23	13	1
"hsa-miR-497-5p"	12	1	21	33	3	0	36	8	9	4	0	45	26	8	0
"hsa-miR-26a-2-5p"	1655	219	4520	3776	952	1134	1810	1490	4557	659	90	2349	3617	630	153
"hsa-miR-330-5p"	15	2	13	9	5	8	8	2	14	5	0	36	13	4	0
"hsa-let-7f-1-5p"	277	95	1503	1658	526	671	311	529	1507	315	34	626	989	309	52
"hsa-miR-548o-2-3p"	48	21	39	62	22	20	61	44	60	45	0	58	67	57	3
"hsa-miR-27a-3p"	196	53	430	538	62	247	261	126	288	80	6	749	479	129	20
"hsa-miR-874-3p"	3	1	15	11	3	7	13	2	27	5	1	18	11	3	0
"hsa-miR-188-5p"	7	2	7	11	4	1	3	8	6	2	0	26	22	6	1
"hsa-miR-378d-1-3p"	258	28	90	173	44	42	178	59	153	69	0	299	112	71	7
"hsa-miR-1246-5p"	11208	3355	24717	17921	5716	8611	26183	19667	17288	12718	36	41204	35111	17737	1966
"hsa-miR-374a-5p"	9	4	25	39	7	17	27	12	30	9	1	36	22	13	1
"hsa-miR-212-5p"	12	3	13	17	3	2	37	5	7	2	0	19	12	4	1
"hsa-miR-23b-3p"	18	6	89	83	24	21	23	24	83	16	1	54	63	15	1
"hsa-miR-143-3p"	123	9	234	127	84	27	50	80	283	33	2	74	58	78	4
"hsa-miR-320c-2-3p"	229	31	89	302	21	42	283	80	132	79	2	432	259	55	12
"hsa-miR-6087-3p"	5	4	51	17	25	13	18	26	78	13	0	23	25	8	4
"hsa-miR-641-5p"	5	0	21	20	19	4	17	18	30	7	0	15	17	8	1
"hsa-miR-550a-2-5p"	1	1	6	11	8	3	9	3	16	2	0	12	15	3	0
"hsa-miR-1303-5p"	5	1	21	22	16	0	6	14	17	8	0	13	9	4	0
"hsa-miR-148b-3p"	1480	255	1527	4225	179	312	2071	459	1366	607	23	4224	3228	889	78
"hsa-miR-4459-5p"	3	1	20	18	3	2	1	12	30	2	0	16	17	2	1
"hsa-let-7g-5p"	157	52	822	874	329	322	150	415	805	292	16	381	618	194	15
"hsa-miR-346-5p"	4	0	58	10	0	0	5	2	18	1	0	21	15	0	0
"hsa-miR-328-3p"	34	12	284	64	9	67	145	15	219	15	0	223	124	9	23
"hsa-miR-222-3p"	188	12	1136	441	101	147	213	112	641	54	5	556	500	81	16
"hsa-miR-708-5p"	19	5	117	147	22	13	27	53	84	47	3	132	91	12	0
"hsa-miR-9-1-5p"	345	69	220	331	54	110	799	102	274	64	12	318	338	261	33
"hsa-miR-148b-5p"	2	0	19	20	5	12	17	10	11	8	0	7	7	7	1
"hsa-miR-548h-5-5p"	11	6	15	14	1	2	26	7	6	6	0	9	12	6	3
"hsa-miR-27b-3p"	466	115	1086	1707	257	284	481	493	1005	377	17	1757	1431	411	25
"hsa-miR-378g-5p"	18	3	19	25	6	9	23	17	25	5	0	51	21	8	1
"hsa-miR-1262-5p"	4	0	8	5	2	1	8	3	9	5	0	14	13	3	0
"hsa-miR-1273f-5p"	10	15	75	28	17	9	26	42	162	24	0	63	43	23	8
"hsa-miR-548d-1-5p"	16	0	28	52	8	3	25	34	36	28	0	67	38	18	1
"hsa-miR-203a-3p"	8	10	47	91	9	24	27	19	58	12	2	79	32	10	6
"hsa-miR-19b-2-3p"	303	20	219	466	128	68	304	118	211	149	7	553	301	184	9
"hsa-miR-592-5p"	82	3	30	69	5	9	79	1	19	6	0	90	32	2	1
"hsa-miR-181a-1-3p"	24	4	27	28	9	9	43	11	44	1	0	21	15	17	3
"hsa-miR-618-5p"	11	1	13	31	4	5	14	12	20	2	0	17	9	2	0
"hsa-miR-1180-3p"	488	76	373	297	59	261	699	120	639	94	1	619	264	108	37
"hsa-miR-566-3p"	7	3	48	31	8	13	16	30	51	19	0	33	23	4	1
"hsa-miR-148a-5p"	37	4	64	36	11	41	38	18	63	10	3	57	43	37	7
"hsa-miR-194-1-5p"	6	4	29	109	12	2	7	7	26	16	0	30	18	1	1
"hsa-let-7a-1-5p"	471	102	1659	1460	447	560	582	579	2351	282	29	896	1459	284	77
"hsa-miR-548h-3-5p"	11	6	15	14	1	2	26	7	6	6	0	10	12	6	3
"hsa-let-7a-3-5p"	472	103	1673	1466	450	567	584	582	2372	287	29	907	1458	290	77
"hsa-miR-210-3p"	69	8	74	216	14	12	104	39	62	26	0	202	217	19	3
"hsa-miR-181a-2-3p"	3	2	28	19	5	4	19	5	25	7	0	26	36	4	1
"hsa-miR-29b-2-3p"	13	1	14	75	3	9	6	8	8	5	0	19	19	9	2
"hsa-miR-548k-5p"	22	6	28	31	10	12	25	16	45	7	1	17	18	14	2
"hsa-miR-99a-5p"	2873	399	3753	2679	511	2001	6091	1049	6390	839	18	10562	3625	605	419
"hsa-miR-566-5p"	1	1	9	4	2	0	1	4	3	11	0	11	12	6	0
"hsa-miR-16-2-3p"	348	50	780	581	207	169	591	267	802	180	3	841	779	238	50
"hsa-miR-151a-3p"	497	117	901	1402	273	424	648	409	1124	373	19	1401	750	297	32
"hsa-miR-125b-1-5p"	106	14	302	489	23	82	144	72	257	74	5	565	460	16	7
"hsa-miR-324-5p"	11	3	2	25	3	8	17	5	10	10	0	11	21	6	0
"hsa-miR-221-5p"	17	0	44	61	10	16	16	9	35	3	0	25	33	18	1
"hsa-miR-3177-3p"	28	5	13	21	5	8	34	9	18	6	0	22	22	15	3
"hsa-miR-877-5p"	11	2	10	24	6	10	11	3	17	2	2	8	6	5	1
"hsa-miR-140-5p"	29	6	87	161	32	4	37	52	78	47	1	231	204	13	1
"hsa-miR-4421-3p"	7	3	3	11	5	0	5	3	4	3	0	10	15	2	0
"hsa-miR-199b-3p"	11	4	56	47	9	5	19	18	64	15	0	54	48	5	1
"hsa-miR-450b-5p"	102	7	99	210	17	24	190	35	106	43	0	306	190	35	3
"hsa-miR-30c-2-5p"	288	18	1785	996	370	191	356	361	1383	171	23	650	884	189	20
"hsa-miR-744-5p"	86	12	328	501	90	45	74	110	348	87	1	318	361	30	7
"hsa-miR-107-3p"	463	37	1027	1495	165	110	772	188	646	205	9	2050	1596	115	24
"hsa-let-7d-5p"	11	4	52	48	7	29	12	12	54	1	0	6	39	7	3
"hsa-miR-548d-2-5p"	16	0	28	52	8	3	25	34	36	28	0	67	38	18	1
"hsa-miR-26b-5p"	154	38	809	755	199	156	165	307	768	174	15	497	686	164	35
"hsa-miR-548ae-2-5p"	10	0	20	36	2	4	13	19	19	18	0	43	28	11	0
"hsa-miR-378a-3p"	4251	791	3971	7781	1629	1464	5650	3194	6110	2834	50	12218	6997	2796	178
"hsa-miR-378a-5p"	28	2	22	64	9	8	25	13	23	14	0	82	37	7	1
"hsa-miR-181b-2-5p"	276	42	414	512	147	129	412	245	449	202	3	891	613	144	13
"hsa-miR-181a-2-5p"	258	45	534	606	154	191	488	287	648	185	9	726	609	228	35
"hsa-miR-1306-3p"	51	10	18	62	0	7	93	5	38	10	1	56	68	12	2
"hsa-miR-26a-1-5p"	1655	219	4519	3775	952	1134	1810	1490	4557	659	90	2348	3617	630	153
"hsa-miR-30e-3p"	78	23	169	168	44	70	183	56	221	27	0	84	109	104	12
"hsa-miR-1-1-3p"	4	2	17	8	3	0	8	12	11	7	0	14	17	9	0
"hsa-miR-15b-5p"	36	6	178	309	28	15	78	53	121	62	0	468	412	11	3
"hsa-miR-1273e-5p"	12	7	107	50	27	13	20	66	122	47	2	53	59	28	4
"hsa-miR-5096-3p"	34	12	335	328	169	43	65	241	295	276	0	380	505	73	9
"hsa-miR-196b-5p"	263	27	712	754	171	82	461	203	700	204	5	1177	854	229	34
"hsa-miR-196a-2-3p"	7	1	4	4	2	3	4	6	16	8	0	13	9	4	0
"hsa-miR-99b-3p"	171	32	209	155	62	79	222	97	273	61	0	288	212	108	11
"hsa-miR-941-4-3p"	78	2	79	97	30	19	71	20	122	18	0	74	36	40	3
"hsa-miR-452-3p"	9	0	3	13	3	1	12	4	7	4	0	23	10	0	0
"hsa-miR-339-3p"	17	3	38	76	14	5	27	24	44	22	0	127	91	16	3
"hsa-miR-3648-1-3p"	10	10	11	3	11	2	13	24	69	9	0	2	6	54	4
"hsa-miR-19b-1-3p"	303	20	219	466	129	68	304	118	212	148	7	554	303	184	9
"hsa-miR-9-1-3p"	3	1	21	22	4	5	9	4	16	6	1	26	22	1	0
"hsa-miR-1273a-3p"	7	5	173	101	56	27	11	58	138	73	0	95	144	5	0
"hsa-miR-339-5p"	134	22	104	204	35	29	185	52	114	25	3	228	211	28	2
"hsa-miR-5096-5p"	12	3	517	835	388	13	43	487	367	754	0	592	1189	35	3
"hsa-miR-1290-3p"	13	3	24	6	3	4	25	12	19	4	0	32	19	8	4
"hsa-miR-182-5p"	231	30	1181	1136	483	163	260	454	1062	295	24	716	1046	230	16
"hsa-miR-1285-2-3p"	18	2	14	38	11	6	16	9	14	8	0	30	27	14	0
"hsa-miR-7706-3p"	100	40	116	175	29	53	200	61	245	46	3	280	131	18	6
"hsa-miR-941-3-3p"	78	2	79	97	30	19	71	20	122	18	0	74	36	40	3
"hsa-miR-671-3p"	1	3	20	3	2	6	9	2	14	0	0	15	11	1	1
"hsa-miR-450a-1-5p"	68	12	74	62	9	80	150	14	93	15	0	75	52	52	21
"hsa-miR-577-5p"	7	0	70	81	30	7	20	35	56	24	0	51	47	27	0
"hsa-miR-576-3p"	71	15	81	150	17	21	140	55	88	51	0	214	196	33	3
"hsa-miR-92b-3p"	173	19	374	166	47	75	319	48	198	48	2	377	269	72	13
"hsa-miR-340-3p"	25	3	32	29	8	10	37	14	43	13	2	26	28	8	2
"hsa-miR-20b-5p"	5	6	73	71	24	4	27	51	35	49	1	79	119	16	0
"hsa-miR-199a-1-3p"	11	4	56	47	9	5	19	18	64	15	0	54	47	5	1
"hsa-miR-3158-1-3p"	2	2	16	17	5	3	0	4	11	9	0	15	18	7	0
"hsa-miR-4419a-5p"	26	3	76	33	22	18	36	25	90	25	0	65	56	15	0
"hsa-miR-18a-5p"	51	6	165	256	82	23	55	148	173	75	4	159	119	22	1
"hsa-miR-7641-2-3p"	183	74	626	585	885	130	268	583	534	1077	3	347	569	261	50
"hsa-miR-4508-5p"	1	0	16	6	6	2	3	11	14	3	0	4	6	2	1
"hsa-miR-200a-3p"	8	19	290	1175	4	245	3	15	10	10	5	12	61	3	16
"hsa-miR-548n-5p"	7	0	19	18	5	9	10	15	9	8	1	31	28	8	2
"hsa-miR-1908-5p"	6	1	12	4	1	1	19	1	12	0	0	6	3	0	0
"hsa-miR-196a-1-5p"	219	26	636	662	80	72	407	197	625	168	0	1331	796	98	18
"hsa-miR-769-5p"	338	60	300	455	93	175	297	137	403	116	18	404	306	156	18
"hsa-miR-3182-5p"	466	96	800	2040	2949	292	1100	1598	1033	2017	2	1111	1076	1273	45
"hsa-miR-221-3p"	724	51	1672	2300	221	199	757	459	1044	351	12	4137	2979	272	28
"hsa-miR-146a-5p"	9	2	11	12	4	5	2	6	12	3	0	38	22	0	0
"hsa-miR-7641-1-5p"	72	23	104	64	53	36	95	81	151	37	0	57	114	45	12
"hsa-miR-494-3p"	1	0	15	7	2	0	0	7	16	5	0	3	4	2	1
"hsa-miR-320d-1-3p"	151	18	62	232	10	22	159	50	76	55	0	301	167	55	8
"hsa-miR-449a-5p"	7	0	14	26	2	0	4	4	15	3	0	21	15	7	4
"hsa-miR-548h-2-5p"	11	6	15	14	1	2	26	7	6	6	0	10	12	6	3
"hsa-miR-1303-3p"	27	2	30	40	12	16	8	20	60	15	2	34	32	23	1
"hsa-miR-320a-3p"	2984	464	1342	2791	572	717	4151	1265	2735	1030	29	4681	3118	1016	150
"hsa-miR-342-5p"	1	0	7	3	1	0	9	1	20	4	0	11	13	3	0
"hsa-miR-200b-3p"	11	25	308	972	9	262	12	7	24	15	11	12	64	9	41
"hsa-miR-30c-1-5p"	288	18	1785	994	369	191	353	361	1381	170	23	650	884	189	20
"hsa-miR-4326-5p"	4	0	7	12	7	4	10	1	19	1	0	5	3	3	0
"hsa-miR-589-5p"	34	12	64	85	17	18	70	29	60	38	1	189	84	9	2
"hsa-miR-125b-2-5p"	107	14	302	489	23	83	145	72	260	74	5	566	461	17	7
"hsa-miR-449c-5p"	4	1	19	19	8	8	6	2	13	3	1	11	12	6	0
"hsa-miR-95-3p"	25	3	33	28	4	12	44	15	57	15	1	56	39	17	1
"hsa-miR-548f-3-3p"	3	2	6	13	2	5	23	3	10	2	0	6	9	7	0
"hsa-miR-7-1-5p"	1332	299	4172	6402	2358	617	1919	2758	3893	3187	56	5766	3534	1993	71
"hsa-miR-3159-3p"	4	4	58	33	18	12	10	27	71	21	0	22	32	6	3
"hsa-miR-129-1-5p"	56	12	18	34	6	8	105	13	23	18	0	134	70	13	0
"hsa-miR-132-3p"	44	6	94	77	11	14	46	35	78	54	0	147	110	10	0
"hsa-miR-192-5p"	134	48	197	1541	117	74	190	204	247	166	1	192	238	249	11
"hsa-miR-361-3p"	63	2	89	108	37	22	67	43	103	20	3	87	71	48	4
"hsa-miR-92a-1-3p"	11458	1204	26534	13738	2414	3940	21370	3133	10400	3320	135	29826	13552	3468	595
"hsa-miR-101-2-3p"	1422	297	1940	2288	442	835	2313	734	1811	682	26	2774	1649	958	96
"hsa-miR-423-3p"	2390	361	6742	4456	1041	999	2985	1928	5172	1427	24	7307	5544	1740	191
"hsa-miR-501-5p"	6	0	20	12	11	4	8	4	11	4	1	11	11	7	1
"hsa-miR-1273d-5p"	2	2	10	8	6	3	10	6	24	9	0	11	11	3	4
"hsa-miR-146b-5p"	174	24	272	258	111	40	210	164	298	127	5	319	246	174	5
"hsa-miR-548t-3p"	0	0	12	11	4	4	1	2	10	6	0	4	8	5	0
"hsa-miR-16-2-5p"	76	11	320	795	64	41	63	128	236	151	7	827	760	32	6
"hsa-miR-7851-5p"	4	2	18	7	9	1	2	6	16	4	0	15	15	1	0
"hsa-miR-455-5p"	40	5	29	48	4	15	41	9	41	14	1	31	31	11	2
"hsa-miR-194-2-5p"	6	4	45	172	23	4	7	13	43	20	0	40	37	1	1
"hsa-miR-424-3p"	69	8	175	123	21	34	99	59	127	24	0	172	154	17	5
"hsa-miR-17-5p"	660	204	5081	7223	2347	293	761	3692	4472	3774	38	5023	4408	531	24
"hsa-miR-101-1-3p"	1788	384	2431	2810	563	1118	2978	902	2327	817	38	3347	2099	1164	111
"hsa-miR-7-2-5p"	1335	299	4174	6405	2359	616	1915	2755	3890	3187	56	5766	3536	1992	71
"hsa-miR-425-5p"	64	8	128	128	70	38	55	55	145	40	6	129	105	44	4
"hsa-miR-96-5p"	27	8	58	78	20	38	29	27	64	19	4	72	62	18	2
"hsa-miR-501-3p"	147	17	222	308	70	30	183	100	169	84	2	617	418	75	5
"hsa-miR-550a-1-5p"	1	1	6	11	8	3	9	3	16	2	0	12	15	3	0
"hsa-miR-138-2-5p"	14	3	3	17	0	0	6	1	5	5	0	10	13	6	0
"hsa-miR-4791-5p"	23	6	15	172	52	8	12	41	11	115	0	45	107	29	2
"hsa-miR-3195-5p"	0	0	16	2	0	5	0	3	15	0	0	4	1	4	0
"hsa-let-7a-2-5p"	493	106	1777	1567	464	601	604	630	2460	310	32	945	1541	304	79
"hsa-miR-103a-2-3p"	930	90	6607	7207	2227	589	1293	2180	5514	1238	71	4893	5701	416	69
"hsa-miR-106b-3p"	307	60	548	602	127	109	306	235	552	180	4	625	538	198	13
"hsa-miR-451a-5p"	9	3	22	10	7	3	17	7	45	1	0	8	11	2	1
"hsa-miR-548aa-2-3p"	0	0	12	11	4	4	1	2	10	6	0	4	8	5	0
"hsa-miR-4488-5p"	6	2	13	3	5	15	11	7	25	1	0	1	3	1	2
"hsa-miR-548f-2-3p"	3	2	6	13	2	5	23	3	10	2	0	6	9	7	0
"hsa-miR-25-3p"	2375	274	1939	3871	560	619	3982	815	2139	979	37	7761	4059	1048	100
"hsa-miR-425-3p"	21	7	18	39	10	9	13	17	26	10	0	26	34	29	3
"hsa-miR-1278-3p"	9	4	7	10	3	1	5	4	15	6	1	4	12	34	0
"hsa-miR-8086-3p"	3	2	94	50	25	15	16	32	75	43	2	72	71	15	0
"hsa-miR-6720-3p"	1	1	9	13	4	2	6	4	6	3	0	16	10	3	0
"hsa-miR-340-5p"	750	160	1510	1523	480	686	1041	589	1338	373	50	1369	1414	663	85
"hsa-miR-320a-5p"	30	4	99	111	43	23	21	75	124	50	0	38	133	43	6
"hsa-let-7b-5p"	38	19	87	101	15	91	51	20	79	14	6	36	52	31	17
"hsa-miR-199a-2-3p"	11	4	56	47	9	5	19	18	64	15	0	54	47	5	1
"hsa-miR-1273g-3p"	7	2	64	41	36	5	13	15	54	41	0	38	41	0	1
"hsa-miR-324-3p"	14	2	22	66	14	7	18	19	34	16	0	56	63	14	0
"hsa-miR-7704-5p"	5	4	16	9	11	3	12	16	47	13	0	5	12	11	4
"hsa-miR-486-2-5p"	32	4	125	62	18	14	43	15	121	8	0	103	60	19	0
"hsa-miR-125b-2-3p"	34	6	69	76	19	9	30	32	62	30	3	136	83	20	1
"hsa-miR-378b-3p"	86	2	2	5	1	0	19	1	5	2	0	5	8	2	0
"hsa-miR-147b-3p"	7	1	2	9	0	3	19	2	1	4	0	16	11	1	0
"hsa-miR-29b-1-3p"	13	1	14	78	3	9	6	8	7	5	0	19	19	8	2
"hsa-miR-1291-5p"	0	0	5	16	9	2	0	21	7	10	0	15	22	6	0
"hsa-miR-10b-5p"	3442	412	7429	6192	1337	1582	4950	2485	7299	1736	113	11873	8288	2500	257
"hsa-miR-132-5p"	17	3	16	16	2	10	16	5	29	1	0	22	20	8	0
"hsa-miR-200a-5p"	0	0	15	105	0	15	1	0	0	3	0	0	1	1	1
"hsa-miR-30a-5p"	4024	291	5319	6318	2067	1821	4564	1761	4917	1618	209	5838	5889	3099	213
"hsa-miR-452-5p"	53	6	75	251	19	9	87	40	66	35	0	262	232	14	1
"hsa-miR-660-5p"	316	21	323	300	61	80	510	109	303	101	2	508	374	193	19
"hsa-miR-190b-5p"	5	1	6	11	0	0	7	3	3	3	0	17	16	2	0
"hsa-miR-34a-5p"	102	8	147	249	6	22	138	16	79	29	1	178	156	11	6
"hsa-miR-141-3p"	1	0	19	31	0	6	1	1	0	1	0	1	4	0	3
"hsa-miR-181c-3p"	13	1	8	6	1	3	17	4	15	0	0	8	13	7	0
"hsa-miR-454-3p"	11	3	26	26	20	9	15	13	22	10	2	15	29	14	1
"hsa-miR-181b-1-3p"	2	0	14	7	6	1	4	2	12	0	0	6	6	3	0
"hsa-miR-191-5p"	523	110	2396	1470	1129	363	667	1068	2426	662	24	1031	1474	437	57
"hsa-miR-942-5p"	20	5	41	30	6	7	34	14	35	5	0	29	33	11	0
"hsa-miR-122-5p"	229	151	280	152	56	136	452	238	644	202	1	379	230	245	39
"hsa-miR-215-5p"	19	7	27	227	43	16	36	52	52	42	2	66	58	62	2
"hsa-miR-548aa-1-3p"	0	0	12	11	4	4	1	2	10	6	0	4	8	5	0
"hsa-miR-941-2-3p"	78	2	79	97	30	19	71	20	122	18	0	74	36	40	3
"hsa-miR-30e-5p"	1433	94	1501	2519	718	477	1704	624	1450	562	77	2481	2555	810	79
"hsa-miR-1285-1-5p"	18	5	276	308	139	12	39	206	227	274	1	298	475	21	1
"hsa-miR-5095-3p"	3	3	43	23	12	11	3	17	48	13	0	13	20	4	1
"hsa-miR-1250-5p"	56	6	57	51	11	3	70	19	26	27	0	118	154	66	3
"hsa-miR-34c-5p"	202	10	178	764	16	48	332	44	182	88	2	455	422	32	9
"hsa-miR-193a-5p"	62	4	96	88	2	13	86	14	55	12	0	218	124	1	1
"hsa-miR-2110-5p"	19	3	12	12	4	9	31	7	14	11	0	25	27	10	0
"hsa-miR-126-5p"	17	1	13	13	0	5	25	7	21	4	2	4	6	2	3
"hsa-miR-338-5p"	10	2	51	26	2	6	13	12	37	6	1	56	63	9	1
"hsa-miR-1292-5p"	3	1	10	14	8	2	3	8	32	2	0	6	1	4	0
"hsa-miR-1277-5p"	22	2	9	13	2	3	16	8	13	3	0	13	10	2	0
"hsa-miR-30b-5p"	17	4	54	102	19	38	28	22	50	21	4	45	31	9	3
"hsa-miR-941-5-3p"	78	2	79	97	30	19	71	20	122	18	0	74	36	40	3
"hsa-miR-218-2-5p"	6689	2467	3655	6571	1292	2763	7661	1833	6806	2060	168	5085	8254	7596	789
"hsa-miR-1295a-3p"	5	0	11	17	1	1	7	5	6	4	0	40	15	0	0
"hsa-miR-197-3p"	10	3	25	23	14	18	10	22	32	12	1	32	34	13	1
"hsa-miR-17-3p"	17	0	18	36	5	7	15	16	18	7	0	29	9	6	0
"hsa-miR-345-5p"	52	6	71	103	29	13	53	23	56	18	1	139	86	25	5
"hsa-miR-144-3p"	10	0	22	16	6	0	4	8	56	0	0	6	13	1	1
"hsa-miR-3615-3p"	41	7	84	47	25	51	108	28	117	28	2	109	61	15	6
"hsa-miR-499a-5p"	10	0	6	19	2	7	32	10	11	6	1	52	24	5	0
"hsa-miR-504-5p"	11	0	40	26	7	8	13	11	39	10	0	24	19	3	1
