	1	2	3	4	5	6		
a	12	0	0	0	5	14		
c	6	15	0	0	6	0		
g	0	5	0	24	5	7		
u	6	4	24	0	8	3		
								
a	0.464285714	0.035714286	0.035714286	0.035714286	0.214285714	0.535714286		
c	0.25	0.571428571	0.035714286	0.035714286	0.25	0.035714286		
g	0.035714286	0.214285714	0.035714286	0.892857143	0.214285714	0.285714286		
u	0.25	0.178571429	0.892857143	0.035714286	0.321428571	0.142857143		
	1	2	3	4	5	6		
a	0.225876239	-0.888067113	-0.888067113	-0.888067113	-0.109915863	0.288024146		0.276
c	0.1123827	0.471404642	-0.73271534	-0.73271534	0.1123827	-0.73271534		0.193
g	-0.816373889	-0.038222638	-0.816373889	0.58156612	-0.038222638	0.086716098		0.234
u	-0.074816441	-0.220944476	0.478025528	-0.919914481	0.034328029	-0.317854489		0.297
