"PC3_Exosome_GFP_4.3"	"PC3_Exosome_CAV1_4.3"	"PC3_Exosome_CAV2_4.3"	"PC3_Exosome_CAV3_4.3"	"PC3_Exosome_GFP_23.3"	"PC3_Exosome_CAV1_23.3"	"PC3_Exosome_CAV2_23.3"	"PC3_Exosome_CAV3_23.3"	"PC3_Exosome_GFP_6.3"	"PC3_Exosome_CAV1_6.3"	"PC3_Exosome_CAV2_6.3"	"PC3_Exosome_CAV3_6.3"
"hsa-miR-590-3p"	18.589111212257	29.8734842545934	4.29071158657776	7.02293184092534	5.21826154018627	17.4843720462952	13.841702650051	10.9204638440903	27.1566683326189	0	6.18653350497883	18.2475441323189
"hsa-let-7f-2-5p"	15853.9769852535	13238.3792261559	9346.24251346301	8816.12043764161	22871.6403306364	13360.5580108048	16697.2459067566	13366.6477451666	14420.1908846207	2763.38014436678	19751.1268679954	13683.0513072203
"hsa-miR-30c-2-3p"	8.44959600557135	5.5321267138136	15.0174905530222	9.36390912123379	9.39287077233529	14.9866046111102	31.8359160951174	10.9204638440903	16.2940009995714	100.486550704247	40.8311211328603	5.2135840378054
"hsa-miR-1254-1-5p"	1.68991920111427	3.31927602828816	2.14535579328888	1.17048864015422	6.26191384822353	0	4.15251079501531	6.37027057571936	10.8626673330476	25.1216376760617	15.4663337624471	5.2135840378054
"hsa-miR-4485-3p"	2.53487880167141	2.21285068552544	11.7994568630888	7.02293184092534	4.17460923214902	6.24441858796259	11.0733621200408	3.64015461469677	21.7253346660951	0	26.602094071409	62.5630084536648
"hsa-let-7a-2-3p"	10.9844748072428	13.2771041131526	35.3983705892665	26.9212387235471	19.8293938527078	16.2354883287027	44.2934484801633	29.1212369175742	0	0	21.034213916928	20.8543361512216
"hsa-miR-422a-5p"	16.8991920111427	16.5963801414408	23.5989137261777	22.2392841629302	30.2659169330804	32.4709766574055	26.299235035097	22.7509663418548	32.5880019991427	50.2432753521233	47.0176546378391	15.6407521134162
"hsa-miR-20a-5p"	2998.76162237727	1660.74443948684	958.974039600129	496.287183425391	2805.33740400414	1393.75422883325	1349.56600837998	1638.06957661355	2797.13683825975	5828.2199408463	3760.79371767663	3357.54812034668
"hsa-miR-320b-1-3p"	928.610601012292	767.859187877327	1423.44356884717	1214.96720848008	467.55623400069	658.161719171257	573.046489712112	518.72203259429	1151.44273730304	628.040941901541	1101.20296388623	714.26101317934
"hsa-miR-500b-5p"	2.53487880167141	4.42570137105088	1.07267789664444	4.68195456061689	9.39287077233529	4.99553487037007	2.76834053001021	7.28030922939355	16.2940009995714	50.2432753521233	2.47461340199153	2.6067920189027
"hsa-miR-30d-5p"	4176.63530555392	5090.66300205127	7354.27965939428	5932.03642830161	11285.0124068068	5542.54593867559	8394.99265725595	9172.2795903822	5181.49231786369	8265.01879542429	6960.46884645168	5873.10241858778
"hsa-miR-205-5p"	5136.50941178682	5349.56653225775	4261.74928336836	3210.65033994304	10436.5230803725	7209.8057016616	5806.59426169641	4762.23227467706	5615.99901118559	728.527492605788	2845.80541229026	5867.88883454998
"hsa-miR-320d-2-3p"	98.8602732651848	141.622443873628	281.041608920843	376.89734212966	76.1866184867196	172.345953027767	206.24136948576	131.955604782758	92.3326723309044	25.1216376760617	360.056249989768	67.7765924914702
"hsa-miR-320b-2-3p"	1004.65696506243	848.628237899006	1690.54036511164	1426.825652348	733.68757255019	788.045625800878	800.050413172949	761.7023531253	1205.75607396828	678.284217253665	1357.32545099235	800.285149803129
"hsa-miR-342-3p"	76.0463640501422	57.5341178236614	70.796741178533	43.3080796857063	91.8414031072784	51.2042324212932	74.7451943102756	89.183788060071	86.9013386643806	0	41.4497744833581	70.3833845103729
"hsa-miR-24-2-5p"	91.2556368601706	109.536108933509	381.873331205421	264.530432674855	366.321960121076	172.345953027767	412.482738971521	400.417007616645	48.8820029987141	0	196.113112107829	114.698848831719
"hsa-miR-29c-5p"	5.06975760334281	15.4899547986781	9.65410106979996	2.34097728030845	6.26191384822353	3.74665115277755	13.841702650051	20.9308890345065	16.2940009995714	50.2432753521233	0.618653350497883	18.2475441323189
"hsa-miR-664a-5p"	10.9844748072428	8.85140274210175	13.9448126563777	11.7048864015422	8.34921846429803	2.49776743518503	12.4575323850459	4.55019326837097	16.2940009995714	0	19.7969072159322	7.8203760567081
"hsa-let-7d-3p"	241.658445759341	170.389502785459	168.410429773177	186.107693784522	151.329584665402	188.58144135647	150.874558885556	116.484947670297	222.684680327475	50.2432753521233	537.60976158266	143.373561039648
"hsa-miR-106a-5p"	85.3409196562707	38.7248869966952	25.7442695194666	17.5573296023134	92.8850554153156	52.4531161388857	27.6834053001021	66.4328217182161	86.9013386643806	326.581289788802	105.789722935138	119.912432869524
"hsa-miR-15a-5p"	15.2092728100284	13.2771041131526	2.14535579328888	5.85244320077112	10.4365230803725	7.4933023055551	11.0733621200408	18.2007730734839	16.2940009995714	25.1216376760617	16.084987112945	23.4611281701243
"hsa-miR-1296-5p"	46.4727780306424	53.1084164526105	21.4535579328888	49.1605228864774	46.9643538616764	79.9285579259211	47.0617890101735	60.0625511424968	16.2940009995714	0	12.3730670099577	28.6747122079297
"hsa-miR-93-5p"	979.30817704572	1051.10407562458	1212.12602320822	786.568366183638	1536.25619743084	1062.80004367123	1544.73401574569	1703.59235967809	841.856718311187	2688.0152313386	2247.56762235881	1483.26465875564
"hsa-miR-502-3p"	103.08507126797	77.4497739933903	74.0147748684664	103.003000333572	102.277926187651	106.155115995364	92.7394077553419	101.92432921151	92.3326723309044	251.216376760617	147.239497418496	59.9562164347621
"hsa-miR-561-5p"	0.844959600557135	4.42570137105088	4.29071158657776	11.7048864015422	4.17460923214902	8.74218602314762	5.53668106002041	9.10038653674194	0	25.1216376760617	1.23730670099577	5.2135840378054
"hsa-miR-151a-5p"	930.300520213406	1535.71837575465	448.379360797376	1144.73789007083	403.893443210417	816.769951305506	586.888192362164	1283.15450168061	461.663361654522	251.216376760617	120.637403347087	737.722141349464
"hsa-miR-7641-1-3p"	43.937899228971	159.325249357832	71.8694190751775	97.1505571328006	61.575486174198	96.1640462546238	101.044429345372	62.7926671035194	20264.3059098002	75.364913028185	157.137951026462	22676.4837724346
"hsa-miR-584-5p"	597.386437593895	780.029866647717	686.513853852442	540.765751751251	424.766489371162	651.917300583294	525.984700701939	385.856389157858	646.32870631633	100.486550704247	2463.47764168257	401.445970911016
"hsa-miR-423-5p"	686.107195652394	494.572128214936	283.186964714132	340.612194284879	198.293938527078	273.505534152761	146.722048090541	215.679160920784	1037.38473030604	829.014043310035	485.02422679034	503.110859648221
"hsa-miR-500a-3p"	86.1858792568278	85.1947513927294	57.9246064187998	78.422738890333	63.6627907902725	82.4263253611062	80.281875370296	64.6127444108677	103.195339663952	301.45965211274	136.103737109534	67.7765924914702
"hsa-miR-200c-3p"	27.8836668183855	34.2991856256443	80.450842248333	18.7278182424676	63.6627907902725	53.7019998564782	44.2934484801633	32.761391532271	43.4506693321903	0	50.7295747408264	174.655065266481
"hsa-miR-629-5p"	174.906637315327	146.048145244679	120.139924424177	159.186455060974	60.5318338661607	249.776743518503	55.3668106002041	77.3532855623065	108.626673330476	452.18947816911	267.258247415085	117.305640850621
"hsa-let-7i-5p"	8645.62663290061	10935.9080878667	4169.49898425694	4900.83593632573	8222.93653502553	6760.2075633283	3414.74804376759	6396.66169667591	8624.95786243977	351.702927464863	7754.81974849096	7299.01765292756
"hsa-miR-135b-5p"	164.767122108641	213.540091153205	163.047040289955	92.4686025721837	408.068052442566	116.146185736104	218.698901870806	222.959470150177	304.154685325332	25.1216376760617	77.3316688122353	164.22789719087
"hsa-miR-486-1-5p"	10.9844748072428	4.42570137105088	4.29071158657776	7.02293184092534	8.34921846429803	6.24441858796259	4.15251079501531	3.64015461469677	0	25.1216376760617	14.2290270614513	5.2135840378054
"hsa-miR-330-3p"	76.8913236506993	55.321267138136	80.450842248333	47.9900342463232	77.2302707947568	62.4441858796259	78.8977051052909	72.8030922939355	81.4700049978568	200.973101408493	114.450869842108	72.9901765292756
"hsa-miR-23a-3p"	4587.28567142469	3573.75385712358	4362.58100565294	4948.82597057206	5557.44854029838	4786.97128953212	6217.69283040292	5056.17475981382	4057.20624889327	175.851463732432	6799.61897532223	3302.80548794972
"hsa-miR-374b-3p"	18.589111212257	23.2349321980171	7.50874527651108	15.2163523220049	14.6111323125216	14.9866046111102	15.2258729150561	23.661004995529	10.8626673330476	50.2432753521233	6.18653350497883	10.4271680756108
"hsa-miR-548ay-5p"	13.5193536089142	15.4899547986781	2.14535579328888	11.7048864015422	8.34921846429803	11.2399534583327	2.76834053001021	7.28030922939355	0	0	14.2290270614513	0
"hsa-miR-450a-2-5p"	282.216506586083	284.351313090019	81.5235201449774	170.891341462517	238.996378540531	177.341487898137	74.7451943102756	161.986880354006	157.50867632919	276.338014436678	42.068427833856	169.441481228675
"hsa-miR-21-5p"	284216.525960602	419251.116581021	406788.420710781	279990.246634012	513424.752938927	382604.269070491	748096.966446248	476070.340973888	375641.899044118	45244.0694545871	158670.355375645	413577.980966989
"hsa-miR-365b-3p"	50.6975760334281	30.9799095973561	47.1978274523554	33.9441705644725	66.7937477143843	23.7287906342578	44.2934484801633	47.3220099910581	16.2940009995714	25.1216376760617	38.3565077308687	54.7426323969567
"hsa-let-7f-2-3p"	98.8602732651848	71.9176472795767	34.3256926926221	32.7736819243183	50.0953107857882	44.9598138333306	42.9092782151582	32.761391532271	108.626673330476	25.1216376760617	35.2632409783793	96.4513046993999
"hsa-miR-1260b-5p"	3.37983840222854	7.74497739933903	4.29071158657776	9.36390912123379	10.4365230803725	11.2399534583327	11.0733621200408	10.9204638440903	5.43133366652379	50.2432753521233	11.1357603089619	0
"hsa-miR-6747-3p"	5.06975760334281	2.21285068552544	6.43606737986664	8.19342048107957	4.17460923214902	8.74218602314762	8.30502159003062	5.46023192204516	0	25.1216376760617	11.7544136594598	0
"hsa-miR-181d-5p"	365.022547440682	268.861358291341	287.47767630071	234.097728030845	227.516203152121	184.834790203693	210.393880280776	194.748271886277	450.800694321474	100.486550704247	319.843782207405	396.23238687321
"hsa-miR-129-2-5p"	42.2479800278568	14.3835294559153	53.633894832222	31.603193284164	8.34921846429803	8.74218602314762	19.3783837100714	13.6505798051129	5.43133366652379	0	26.602094071409	15.6407521134162
"hsa-miR-582-3p"	11.8294344077999	38.7248869966952	38.6164042791998	25.7507500833929	21.9166984687823	19.9821394814803	34.6042566251276	38.2216234543161	5.43133366652379	50.2432753521233	9.27980025746824	33.8882962457351
"hsa-miR-1307-3p"	319.394729010597	428.186607649172	1277.55937490353	691.758786331146	565.659550956192	387.15395245368	530.137211496954	396.776853001948	450.800694321474	401.946202816987	409.548518029598	265.892785928075
"hsa-miR-365a-3p"	50.6975760334281	30.9799095973561	47.1978274523554	33.9441705644725	66.7937477143843	23.7287906342578	44.2934484801633	47.3220099910581	16.2940009995714	25.1216376760617	38.3565077308687	54.7426323969567
"hsa-miR-10b-3p"	6.75967680445708	0	1.07267789664444	5.85244320077112	7.30556615626078	3.74665115277755	2.76834053001021	4.55019326837097	21.7253346660951	25.1216376760617	6.18653350497883	2.6067920189027
"hsa-miR-18a-3p"	10.9844748072428	7.74497739933903	11.7994568630888	10.534397761388	13.5674800044843	11.2399534583327	20.7625539750765	9.10038653674194	10.8626673330476	25.1216376760617	21.034213916928	5.2135840378054
"hsa-miR-548e-3p"	5.91471720389995	8.85140274210175	4.29071158657776	5.85244320077112	5.21826154018627	13.7377208935177	12.4575323850459	3.64015461469677	0	50.2432753521233	5.56788015448095	5.2135840378054
"hsa-miR-27a-5p"	45.6278184300853	71.9176472795767	116.921890734244	36.2851478447809	189.94472006278	107.403999712956	156.411239945577	90.0938267137452	54.3133366652379	0	41.4497744833581	15.6407521134162
"hsa-miR-320c-1-3p"	228.139092150427	278.819186376205	558.865184151753	668.349013528062	145.067670817178	334.700836314795	311.438309626148	216.589199574458	233.547347660523	175.851463732432	650.823324723773	159.014313153065
"hsa-miR-152-3p"	75.201404449585	69.7047965940513	76.1601306617552	87.7866480115668	120.020015424284	69.937488185181	63.6718321902347	70.0729763329129	152.077342662666	75.364913028185	127.442590202564	96.4513046993999
"hsa-miR-937-3p"	10.9844748072428	3.31927602828816	17.162846346311	12.8753750416965	2.08730461607451	7.4933023055551	8.30502159003062	7.28030922939355	5.43133366652379	0	12.3730670099577	2.6067920189027
"hsa-miR-574-5p"	97.1703540640706	252.2649781499	247.788594124866	202.494534746681	94.9723600313901	173.59483674536	260.224009820959	231.149818033245	157.50867632919	50.2432753521233	42.6870811843539	250.252033814659
"hsa-miR-760-3p"	54.9223740362138	38.7248869966952	40.7617600724887	74.9112729698703	19.8293938527078	18.7332557638878	26.299235035097	24.5710436492032	32.5880019991427	25.1216376760617	43.9243878853497	28.6747122079297
"hsa-miR-1285-1-3p"	8.44959600557135	16.5963801414408	11.7994568630888	10.534397761388	1.04365230803725	6.24441858796259	9.68919185503572	4.55019326837097	10.8626673330476	0	12.9917203604555	0
"hsa-miR-148a-3p"	64037.7982070242	27532.2882293075	19210.5884510053	23056.2852337579	32586.9996661552	19463.8527386794	12039.5129650144	21597.037328996	110734.030793087	29241.5862549358	10391.5203283129	22467.9404109224
"hsa-miR-99b-5p"	2856.80840948367	4248.67331620884	5013.69648891611	4814.21977695432	5303.84102944533	3779.12212943496	4540.07846921674	4793.17358890198	3242.5061989147	2788.50178204284	3842.45595994235	2781.44708416918
"hsa-miR-935-3p"	7.60463640501422	7.74497739933903	7.50874527651108	17.5573296023134	21.9166984687823	8.74218602314762	9.68919185503572	6.37027057571936	5.43133366652379	0	6.80518685547671	0
"hsa-miR-22-5p"	76.0463640501422	30.9799095973561	65.4333516953108	108.855443534343	59.4881815581235	74.933023055551	103.812769875383	73.7131309476097	97.7640059974281	0	105.17106958464	67.7765924914702
"hsa-miR-92a-1-5p"	14.3643132094713	2.21285068552544	7.50874527651108	2.34097728030845	13.5674800044843	3.74665115277755	6.92085132502551	0.910038653674194	5.43133366652379	0	11.1357603089619	0
"hsa-miR-3065-5p"	38.8681416256282	21.0220815124917	12.8721347597333	18.7278182424676	29.2222646250431	37.4665115277755	29.0675755651072	42.7718167226871	27.1566683326189	0	20.4155605664301	36.4950882646378
"hsa-miR-548u-3p"	9.29455560612849	17.7028054842035	16.0901684496666	4.68195456061689	10.4365230803725	2.49776743518503	5.53668106002041	7.28030922939355	0	0	1.23730670099577	2.6067920189027
"hsa-miR-19a-3p"	253.487880167141	77.4497739933903	57.9246064187998	25.7507500833929	170.115326210072	67.4397207499959	59.5193213952194	86.4536720990484	157.50867632919	150.72982605637	71.7637886577544	239.824865739048
"hsa-miR-1301-3p"	15.2092728100284	8.85140274210175	3.21803368993332	5.85244320077112	27.1349600089686	6.24441858796259	5.53668106002041	9.10038653674194	21.7253346660951	0	19.1782538654344	10.4271680756108
"hsa-miR-361-5p"	115.759465276328	108.429683590746	149.102227633577	113.53739809496	127.325581580545	169.848185592582	143.953707560531	135.595759397455	65.1760039982854	25.1216376760617	464.60866622391	130.339600945135
"hsa-miR-183-5p"	1543.74119021789	2601.20598083515	3918.49235644214	2352.68216670999	2779.24609630321	2387.86566803689	4401.66144271623	3862.20404619328	2177.96480027604	1230.96024612702	3481.16240325159	2651.10748322405
"hsa-miR-128-2-3p"	2368.42176036165	2654.31439728776	2699.93026585406	4864.55078848095	1461.11323125216	3024.79636400908	1800.80551477164	2797.45882139447	1743.45810695414	2838.74505739497	2136.21001926919	2116.71511934899
"hsa-miR-454-5p"	28.7286264189426	16.5963801414408	17.162846346311	15.2163523220049	16.6984369285961	23.7287906342578	8.30502159003062	20.0208503808323	5.43133366652379	25.1216376760617	25.9834407209111	31.2815042268324
"hsa-miR-181a-1-5p"	778.207792113122	992.463532458159	1334.41130342568	1495.8844821171	769.171751023456	964.138229981423	1157.16634154427	1310.45566129084	1254.63807696699	653.162579577603	1477.34420098894	1793.47290900506
"hsa-miR-301a-5p"	22.8139092150426	8.85140274210175	8.58142317315552	24.5802614432387	20.8730461607451	12.4888371759252	12.4575323850459	14.5606184587871	10.8626673330476	50.2432753521233	17.9409471644386	5.2135840378054
"hsa-miR-409-3p"	4.22479800278568	3.31927602828816	9.65410106979996	14.0458636818507	1.04365230803725	3.74665115277755	6.92085132502551	7.28030922939355	5.43133366652379	0	8.66114690697036	5.2135840378054
"hsa-miR-222-5p"	13.5193536089142	13.2771041131526	42.9071158657776	15.2163523220049	27.1349600089686	28.7243255046279	55.3668106002041	29.1212369175742	0	0	27.2207474219068	13.0339600945135
"hsa-miR-4664-3p"	34.6433436228425	42.0441630249833	40.7617600724887	28.0917273637014	26.0913077009314	26.2265580694429	26.299235035097	25.4810823028774	10.8626673330476	0	14.2290270614513	7.8203760567081
"hsa-let-7e-5p"	513.735437138738	578.660454264902	496.649866146376	655.473638486365	687.766870996551	544.513300870338	607.65074633724	566.044042585348	765.818046979854	376.824565140925	734.960180391485	758.576477500685
"hsa-miR-532-5p"	2174.08105223351	1952.8407299762	1218.56209058808	1186.87548111638	1093.74761882304	1387.50981024529	1010.44429345372	1026.52360134449	1700.00743762194	2688.0152313386	1013.35418811553	1128.74094418487
"hsa-miR-574-3p"	21.1239900139284	55.321267138136	69.7240632818886	45.6490569660147	46.9643538616764	89.9196276666613	168.868772330623	103.744406518858	10.8626673330476	25.1216376760617	75.4757087607417	36.4950882646378
"hsa-miR-500a-5p"	2.53487880167141	4.42570137105088	1.07267789664444	4.68195456061689	8.34921846429803	4.99553487037007	2.76834053001021	7.28030922939355	16.2940009995714	50.2432753521233	2.47461340199153	2.6067920189027
"hsa-miR-6131-3p"	137.728414890813	126.13248907495	74.0147748684664	103.003000333572	166.984369285961	74.933023055551	207.625539750765	222.049431496503	1232.9127423009	326.581289788802	48.2549613388349	3185.4998470991
"hsa-miR-3613-5p"	81.116121653485	99.5782808486447	28.9623032093999	23.4097728030845	48.0080061697137	89.9196276666613	58.1351511302143	41.8617780690129	54.3133366652379	25.1216376760617	25.9834407209111	83.4173446048864
"hsa-miR-10a-5p"	13881.8412775532	14912.4007697559	7254.52061500635	7596.47127460091	15317.6849250628	9901.15011307348	8299.4849089706	9649.13984490747	30741.3485525246	26503.3277482451	6570.71723563801	12848.8778611714
"hsa-miR-331-3p"	21.1239900139284	45.3634390532715	43.979793762422	58.5244320077112	69.924704638496	57.4486510092558	66.4401727202449	47.3220099910581	0	75.364913028185	24.7461340199153	28.6747122079297
"hsa-miR-378d-2-5p"	173.216718114213	175.921629499272	150.174905530222	225.904307549765	85.5794892590549	239.785673777763	148.106218355546	142.876068626848	86.9013386643806	75.364913028185	188.070618551356	78.203760567081
"hsa-miR-186-5p"	1171.11400637219	1184.98154209887	1017.97132391557	909.469673399832	670.024781759917	836.752090786987	873.41143721822	797.193860618594	1857.51611395113	678.284217253665	905.7085051289	1313.82317752696
"hsa-miR-3934-5p"	14.3643132094713	18.8092308269662	30.0349811060443	15.2163523220049	20.8730461607451	18.7332557638878	12.4575323850459	14.5606184587871	21.7253346660951	0	12.9917203604555	13.0339600945135
"hsa-miR-331-5p"	9.29455560612849	11.0642534276272	7.50874527651108	8.19342048107957	13.5674800044843	21.2310231990728	4.15251079501531	16.3806957661355	10.8626673330476	50.2432753521233	45.7803479368433	10.4271680756108
"hsa-miR-24-2-3p"	4583.0608734219	5466.8476185906	19224.5332636617	14365.4070806128	13805.4327307168	10340.757181666	18050.9644259315	16006.6698794754	3600.97422090527	1080.23042007065	13693.2732599201	4277.74570301933
"hsa-miR-375-3p"	1078.1684503109	2852.36453364229	808.799134069908	2211.05304125133	888.148114139703	2076.89362235636	553.668106002041	1237.6525689969	3302.25086924646	125.608188380308	436.769265451505	2406.06903344719
"hsa-miR-4497-5p"	5.91471720389995	11.0642534276272	21.4535579328888	26.9212387235471	3.13095692411176	23.7287906342578	19.3783837100714	5.46023192204516	16.2940009995714	0	37.119201029873	44.3154643213459
"hsa-let-7c-5p"	359.95278983734	483.507874787308	282.114286817488	409.671024053978	240.040030848568	279.749952740724	199.320518160735	281.201943985326	488.820029987141	276.338014436678	499.253253851791	516.144819742734
"hsa-miR-25-5p"	7.60463640501422	1.10642534276272	8.58142317315552	2.34097728030845	5.21826154018627	6.24441858796259	8.30502159003062	3.64015461469677	0	50.2432753521233	9.27980025746824	0
"hsa-miR-421-3p"	125.054020882456	90.726878106543	129.794025493977	87.7866480115668	149.242280049327	109.901767148142	116.270302260429	154.706571124613	135.783341663095	150.72982605637	197.969072159322	161.621105171967
"hsa-miR-4677-3p"	11.8294344077999	18.8092308269662	5.3633894832222	17.5573296023134	15.6547846205588	18.7332557638878	13.841702650051	14.5606184587871	5.43133366652379	0	7.42384020597459	10.4271680756108
"hsa-miR-93-3p"	1.68991920111427	15.4899547986781	11.7994568630888	4.68195456061689	10.4365230803725	7.4933023055551	5.53668106002041	10.9204638440903	0	100.486550704247	17.3222938139407	5.2135840378054
"hsa-miR-98-5p"	2000.01937451874	1449.41719901916	1007.24454494913	936.390912123379	1784.6454467437	649.419533148109	1378.63358394508	1579.8271027784	1260.06941063352	50.2432753521233	2058.25969710646	1321.64355358367
"hsa-let-7a-1-3p"	431.774355884696	276.60633569068	225.262358295332	266.871409955163	240.040030848568	241.034557495356	239.461455845883	196.568349193626	418.212692322331	100.486550704247	425.633505142543	338.882962457351
"hsa-miR-149-5p"	16.8991920111427	58.6405431664241	57.9246064187998	106.514466254034	54.2699200179372	107.403999712956	58.1351511302143	76.4432469086323	21.7253346660951	75.364913028185	35.2632409783793	31.2815042268324
"hsa-miR-151b-3p"	151.247768499727	154.899547986781	66.5060295919553	101.832511693417	20.8730461607451	116.146185736104	31.8359160951174	74.6231696012839	27.1566683326189	50.2432753521233	30.3140141743963	80.8105525859837
"hsa-miR-33a-5p"	5.06975760334281	7.74497739933903	7.50874527651108	10.534397761388	13.5674800044843	19.9821394814803	8.30502159003062	6.37027057571936	0	0	3.09326675248941	7.8203760567081
"hsa-miR-28-5p"	21.9689496144855	75.2369233078649	87.9595875248441	83.1046934509499	87.6667938751294	61.1953021620334	88.5868969603266	99.1942132504871	38.0193356656665	25.1216376760617	121.874710048083	33.8882962457351
"hsa-miR-185-5p"	131.813697686913	144.941719901916	173.773819256399	179.084761943596	217.079680071749	203.56804596758	185.478815510684	212.949044959761	103.195339663952	351.702927464863	723.205766732025	112.092056812816
"hsa-let-7f-1-3p"	42.2479800278568	18.8092308269662	31.1076590026888	14.0458636818507	25.0476553928941	17.4843720462952	20.7625539750765	27.3011596102258	27.1566683326189	0	32.1699742258899	23.4611281701243
"hsa-miR-374a-3p"	163.922162508084	247.839276778849	48.2705053489998	46.8195456061689	104.365230803725	82.4263253611062	78.8977051052909	90.0938267137452	190.096678328333	150.72982605637	16.7036404634428	106.878472775011
"hsa-miR-378c-5p"	3163.52874448591	3273.91258923489	3162.25443930781	4578.95156028332	2730.19443782546	4296.15998851826	3525.481664968	3320.73104725713	2177.96480027604	2009.73101408493	5632.83875628322	2072.39965502765
"hsa-miR-10a-3p"	118.294344077999	47.5762897387969	45.0524716590665	99.491534413109	102.277926187651	104.906232277771	59.5193213952194	71.8930536402613	70.6073376648092	100.486550704247	223.333859529736	65.1698004725675
"hsa-miR-1307-5p"	52.3874952345424	60.8533938519496	93.3229770080663	104.173488973726	61.575486174198	138.626092652769	112.117791465413	62.7926671035194	59.7446703317616	25.1216376760617	60.0093749982946	33.8882962457351
"hsa-miR-31-5p"	291.511062192212	360.694661740646	244.570560434932	203.665023386835	508.258674014143	382.15841758331	405.561887646495	405.87723953869	190.096678328333	175.851463732432	767.748807967872	299.78108217381
"hsa-miR-6868-3p"	16.0542324105856	14.3835294559153	12.8721347597333	12.8753750416965	13.5674800044843	4.99553487037007	20.7625539750765	26.3911209565516	5.43133366652379	0	6.80518685547671	7.8203760567081
"hsa-miR-378f-3p"	62.527010441228	61.9598191947123	46.1251495557109	66.7178524887907	48.0080061697137	81.1774416435136	66.4401727202449	43.6818553763613	10.8626673330476	100.486550704247	94.6539626261761	33.8882962457351
"hsa-miR-320e-3p"	44.7828588295282	47.5762897387969	76.1601306617552	139.288148178353	38.6151353973784	78.6796742083286	92.7394077553419	38.2216234543161	54.3133366652379	0	266.639594064587	18.2475441323189
"hsa-miR-374b-5p"	337.138880622297	694.835115254988	238.134493055066	224.733818909611	675.243043300104	389.651719888865	552.283935737036	673.428603718903	369.330689323617	452.18947816911	77.3316688122353	586.528204253107
"hsa-let-7b-3p"	54.0774144356566	43.150588367746	79.3781643516886	50.3310115266316	46.9643538616764	43.7109301157381	56.7509808652092	39.1316621079903	86.9013386643806	0	115.688176543104	70.3833845103729
"hsa-miR-193b-3p"	54.9223740362138	43.150588367746	42.9071158657776	62.0358979281738	53.2262677099	87.4218602314762	87.2027266953215	60.972589796171	38.0193356656665	25.1216376760617	30.3140141743963	31.2815042268324
"hsa-miR-378i-5p"	998.742247858534	605.214662491207	461.251495557109	678.88341128945	375.714830893412	989.115904333274	445.702825331643	513.261800672245	553.996033985426	854.135680986096	1777.39107598042	534.392363875053
"hsa-miR-543-3p"	4.22479800278568	0	8.58142317315552	25.7507500833929	2.08730461607451	3.74665115277755	2.76834053001021	4.55019326837097	5.43133366652379	0	9.89845360796612	5.2135840378054
"hsa-miR-4461-3p"	3.37983840222854	4.42570137105088	3.21803368993332	3.51146592046267	2.08730461607451	8.74218602314762	8.30502159003062	2.73011596102258	21.7253346660951	25.1216376760617	3.7119201029873	10.4271680756108
"hsa-miR-218-1-5p"	1203.22247119336	1009.0599125996	805.581100379974	510.333047107241	995.644301867541	1659.76646068046	966.150844973562	1357.7776712819	689.779375648521	6179.92286831117	467.083279625901	1433.73561039648
"hsa-miR-21-3p"	253.487880167141	210.220815124917	133.012059183911	158.01596642082	132.543843120731	337.19860374998	210.393880280776	116.484947670297	190.096678328333	125.608188380308	228.901739684217	205.936569493313
"hsa-miR-130b-5p"	30.4185456200569	40.9377376822206	37.5437263825554	38.6261251250894	42.7897446295274	39.9642789629606	23.5308945050867	46.4119713373839	43.4506693321903	150.72982605637	77.9503221627332	18.2475441323189
"hsa-miR-29c-3p"	19.4340708128141	19.9156561697289	13.9448126563777	11.7048864015422	29.2222646250431	19.9821394814803	30.4517458301123	39.1316621079903	10.8626673330476	25.1216376760617	24.1274806694174	13.0339600945135
"hsa-miR-4286-5p"	3.37983840222854	17.7028054842035	15.0174905530222	10.534397761388	21.9166984687823	26.2265580694429	31.8359160951174	22.7509663418548	5.43133366652379	50.2432753521233	4.33057345348518	5.2135840378054
"hsa-miR-625-3p"	40.5580608267425	19.9156561697289	25.7442695194666	42.137591045552	43.8333969375647	26.2265580694429	12.4575323850459	12.7405411514387	27.1566683326189	25.1216376760617	57.5347615963031	33.8882962457351
"hsa-miR-24-1-3p"	4644.74292426257	5630.59856931948	19306.0567838066	14366.5775692529	13812.7382968731	10349.4993676892	18057.8852772566	16023.9606138952	3704.16956056922	1080.23042007065	13704.4090202291	4337.70191945409
"hsa-miR-7641-2-5p"	49.852616432871	66.3855205657631	68.6513853852442	63.2063865683281	53.2262677099	84.9240927962912	78.8977051052909	41.8617780690129	86.9013386643806	125.608188380308	161.468524479947	255.465617852465
"hsa-miR-424-5p"	92.9455560612849	38.7248869966952	43.979793762422	83.1046934509499	127.325581580545	41.2131626805531	69.2085132502551	48.2320486447323	124.920674330047	25.1216376760617	111.357603089619	52.135840378054
"hsa-miR-652-3p"	142.798172494156	138.30316784534	57.9246064187998	52.6719888069401	91.8414031072784	103.657348560179	101.044429345372	90.0938267137452	65.1760039982854	125.608188380308	82.8995489667163	104.271680756108
"hsa-miR-3912-3p"	27.0387072178283	12.1706787703899	6.43606737986664	11.7048864015422	7.30556615626078	16.2354883287027	8.30502159003062	6.37027057571936	16.2940009995714	0	9.89845360796612	23.4611281701243
"hsa-miR-4683-3p"	6.75967680445708	4.42570137105088	18.2355242429555	11.7048864015422	3.13095692411176	7.4933023055551	11.0733621200408	15.4706571124613	10.8626673330476	0	13.6103737109534	0
"hsa-miR-548x-3p"	47.3177376311996	28.7670589118307	43.979793762422	42.137591045552	66.7937477143843	47.4575812685157	70.5926835152602	53.6922805667774	0	0	17.3222938139407	41.7086723024432
"hsa-miR-671-5p"	5.06975760334281	4.42570137105088	15.0174905530222	7.02293184092534	13.5674800044843	8.74218602314762	6.92085132502551	8.19034788306774	0	0	19.1782538654344	13.0339600945135
"hsa-miR-125a-3p"	41.4030204272996	33.1927602828816	46.1251495557109	95.9800684926463	31.3095692411176	47.4575812685157	33.2200863601225	29.1212369175742	59.7446703317616	0	90.3233891726909	10.4271680756108
"hsa-miR-484-5p"	70.1316468462422	65.2790952230004	92.2502991114219	74.9112729698703	69.924704638496	117.395069453697	114.886131995424	91.0038653674194	76.038671331333	326.581289788802	510.389014160753	109.485264793913
"hsa-miR-27b-5p"	10.9844748072428	9.95782808486447	12.8721347597333	8.19342048107957	29.2222646250431	6.24441858796259	11.0733621200408	11.8305024977645	5.43133366652379	0	12.9917203604555	5.2135840378054
"hsa-miR-126-3p"	62.527010441228	71.9176472795767	121.212602320822	87.7866480115668	196.206633911004	97.4129299722163	131.496175175485	117.394986323971	32.5880019991427	75.364913028185	168.273711335424	59.9562164347621
"hsa-miR-7-3-5p"	1504.87304859226	1693.93719976972	1126.31179147666	655.473638486365	834.921846429803	694.37934698144	1143.32463889421	1357.7776712819	869.013386643806	3667.759100705	1229.26420743929	1973.34155830934
"hsa-miR-32-3p"	7.60463640501422	5.5321267138136	1.07267789664444	7.02293184092534	8.34921846429803	12.4888371759252	6.92085132502551	14.5606184587871	27.1566683326189	0	7.42384020597459	0
"hsa-miR-576-5p"	9.29455560612849	19.9156561697289	20.3808800362444	12.8753750416965	35.4841784732666	31.2220929398129	19.3783837100714	23.661004995529	10.8626673330476	100.486550704247	4.33057345348518	10.4271680756108
"hsa-miR-29a-3p"	3683.17889882855	3479.70770298875	5920.10931158066	5116.20584611411	7002.90698692998	7278.49430612919	9559.07985012524	7544.22043895907	3237.07486524818	552.676028873356	4513.07619188205	4971.15238004745
"hsa-miR-16-1-5p"	148.712889698056	157.112398672306	225.262358295332	143.97010273897	209.774113915488	176.092604180545	191.015496570704	231.149818033245	179.234010995285	175.851463732432	342.115302825329	177.261857285384
"hsa-let-7a-3-3p"	431.774355884696	276.60633569068	225.262358295332	266.871409955163	240.040030848568	239.785673777763	239.461455845883	196.568349193626	418.212692322331	100.486550704247	426.252158493041	338.882962457351
"hsa-miR-140-3p"	123.364101681342	131.664615788764	41.8344379691332	65.5473638486365	84.5358369510176	166.101534439805	69.2085132502551	83.7235561380258	108.626673330476	452.18947816911	76.0943621112396	117.305640850621
"hsa-miR-30a-3p"	632.874740817294	462.485793274817	836.688759382663	461.172524220764	516.607892478441	495.806835884229	844.343861653113	419.527819343803	515.97669831976	351.702927464863	527.711307974694	336.276170438448
"hsa-miR-651-5p"	65.9068488434565	221.285068552544	15.0174905530222	49.1605228864774	33.3968738571921	73.6841393379585	27.6834053001021	49.1420872984065	86.9013386643806	0	19.7969072159322	138.159977001843
"hsa-miR-181b-1-5p"	586.401962786652	529.977739183342	933.229770080663	973.846548608314	297.440907790617	515.78897536571	509.374657521878	517.811993940616	592.015369651093	376.824565140925	1124.09313785465	841.993822105572
"hsa-miR-196a-2-5p"	219.689496144855	229.030045951883	198.445410879221	257.507500833929	208.730461607451	222.301301731468	102.428599610378	197.4783878473	152.077342662666	50.2432753521233	311.182635300435	145.980353058551
"hsa-miR-1269a-3p"	30.4185456200569	44.2570137105088	64.3606737986664	64.3768752084823	33.3968738571921	36.217627810183	62.2876619252296	43.6818553763613	27.1566683326189	25.1216376760617	48.2549613388349	36.4950882646378
"hsa-miR-542-3p"	236.588688155998	179.24090552756	53.633894832222	93.6390912123379	142.980366201104	123.639488041659	37.3725971551378	64.6127444108677	141.214675329618	125.608188380308	54.4414948438137	164.22789719087
"hsa-miR-9-3-5p"	92.1005964607277	71.9176472795767	42.9071158657776	51.5015001667858	68.8810523304588	94.9151625370313	48.4459592751786	115.574909016623	48.8820029987141	452.18947816911	22.8901739684217	109.485264793913
"hsa-miR-106b-5p"	164.767122108641	169.283077442696	98.6863664912885	107.684954894189	208.730461607451	228.545720319431	236.693115315873	252.990745721426	141.214675329618	251.216376760617	170.129671386918	265.892785928075
"hsa-miR-191-3p"	10.1395152066856	3.31927602828816	15.0174905530222	10.534397761388	7.30556615626078	3.74665115277755	9.68919185503572	5.46023192204516	0	0	3.7119201029873	5.2135840378054
"hsa-miR-224-5p"	7.60463640501422	5.5321267138136	0	1.17048864015422	12.5238276964471	11.2399534583327	0	5.46023192204516	5.43133366652379	50.2432753521233	0.618653350497883	2.6067920189027
"hsa-miR-615-3p"	81.9610812540421	91.8333034493057	67.5787074885997	154.504500500357	64.7064430983098	136.128325217584	26.299235035097	40.9517394153387	59.7446703317616	175.851463732432	90.9420425231888	41.7086723024432
"hsa-miR-100-5p"	165439.709950685	413224.417738992	338224.994913062	287968.297205303	263509.68395171	301109.610962709	403682.184426618	341186.231803607	217937.694702933	18087.5791267644	114971.157309877	247183.839608411
"hsa-miR-4485-5p"	3.37983840222854	5.5321267138136	2.14535579328888	2.34097728030845	0	12.4888371759252	8.30502159003062	3.64015461469677	10.8626673330476	0	16.7036404634428	2.6067920189027
"hsa-miR-4448-3p"	34.6433436228425	18.8092308269662	17.162846346311	15.2163523220049	16.6984369285961	19.9821394814803	16.6100431800612	42.7718167226871	238.978681327047	25.1216376760617	8.04249355647248	432.727475137848
"hsa-miR-4454-5p"	95.4804348629563	146.048145244679	156.610972910088	153.334011860203	222.297941611935	362.17627810183	546.747254677016	311.233219556574	32.5880019991427	0	131.154510305551	62.5630084536648
"hsa-miR-378h-5p"	8.44959600557135	18.8092308269662	10.7267789664444	8.19342048107957	12.5238276964471	17.4843720462952	16.6100431800612	20.0208503808323	5.43133366652379	25.1216376760617	29.0767074734005	7.8203760567081
"hsa-miR-363-3p"	77.7362832512564	3.31927602828816	4.29071158657776	10.534397761388	117.93271080821	9.99106974074014	2.76834053001021	10.9204638440903	38.0193356656665	50.2432753521233	0.618653350497883	33.8882962457351
"hsa-miR-103a-1-3p"	1564.86518023181	1952.8407299762	1489.94959843913	1100.25932174497	3593.29489657227	2193.03980809246	2645.14937642475	3013.13798231526	1852.08478028461	3165.32634718377	5765.23057328977	2609.3988109216
"hsa-miR-98-3p"	76.0463640501422	36.5120363111697	42.9071158657776	18.7278182424676	63.6627907902725	24.9776743518503	42.9092782151582	44.5918940300355	76.038671331333	0	22.8901739684217	57.3494244158594
"hsa-miR-130a-3p"	64.2169296423423	32.0863349401189	53.633894832222	113.53739809496	63.6627907902725	62.4441858796259	49.8301295401837	64.6127444108677	38.0193356656665	25.1216376760617	126.205283501568	41.7086723024432
"hsa-miR-28-3p"	361.642709038454	494.572128214936	498.795221939665	349.976103406113	321.444910875474	428.367115134233	322.511671746189	316.693451478619	401.91869132276	251.216376760617	695.985019310118	247.645241795756
"hsa-miR-15b-3p"	277.991708583298	303.160543916985	139.448126563777	181.425739223905	192.032024678855	294.736557351834	191.015496570704	218.409276881806	173.802677328761	75.364913028185	146.0021907175	169.441481228675
"hsa-miR-128-1-3p"	2409.82478078895	2712.95494045419	2733.18328065003	4898.49495904543	1494.51010510935	3068.50729412481	1821.56806874672	2856.61133388329	1786.90877628633	2914.10997042315	2169.61730019607	2192.31208789717
"hsa-miR-381-3p"	22.8139092150426	18.8092308269662	25.7442695194666	23.4097728030845	27.1349600089686	9.99106974074014	29.0675755651072	28.2111982639	21.7253346660951	0	11.7544136594598	13.0339600945135
"hsa-miR-130b-3p"	20.2790304133712	19.9156561697289	25.7442695194666	42.137591045552	18.7857415446706	33.719860374998	17.9942134450663	25.4810823028774	10.8626673330476	0	50.1109213903285	7.8203760567081
"hsa-miR-4521-5p"	13.5193536089142	2.21285068552544	2.14535579328888	1.17048864015422	2.08730461607451	33.719860374998	5.53668106002041	42.7718167226871	5.43133366652379	452.18947816911	2.47461340199153	20.8543361512216
"hsa-miR-92a-2-3p"	7548.86907137745	4906.99639515266	3038.8964811937	2367.89851903199	3704.96569353225	4988.04156806451	2451.36553932404	2290.56729129795	9982.79127907072	12962.7650408478	7193.08250623888	4196.93515043335
"hsa-miR-505-3p"	26.1937476172712	25.4477828835425	28.9623032093999	29.2622160038556	19.8293938527078	38.715395245368	35.9884268901327	35.4915074932935	16.2940009995714	25.1216376760617	25.9834407209111	39.1018802835405
"hsa-miR-503-5p"	267.852193376612	252.2649781499	238.134493055066	349.976103406113	278.655166245947	249.776743518503	150.874558885556	261.181093604494	124.920674330047	100.486550704247	389.751610813666	182.475441323189
"hsa-miR-429-3p"	6759.67680445708	3631.28797494724	3361.77252808368	2765.86465668443	4540.93119227009	3122.20929398129	4112.36985733016	3653.80519450189	5512.80367152164	904.37895633822	2343.45889168598	5615.03000871641
"hsa-miR-185-3p"	3.37983840222854	5.5321267138136	7.50874527651108	9.36390912123379	2.08730461607451	4.99553487037007	2.76834053001021	1.82007730734839	0	0	19.1782538654344	18.2475441323189
"hsa-miR-32-5p"	126.74394008357	104.003982219696	117.994568630888	135.77668225789	231.69081238427	156.110464699065	117.654472525434	149.246339202568	135.783341663095	226.094739084555	94.0353092756782	156.407521134162
"hsa-miR-941-1-3p"	49.0076568323138	111.748959619035	110.485823354377	63.2063865683281	98.1033169555019	69.937488185181	125.959494115464	111.934754401926	65.1760039982854	100.486550704247	38.9751610813666	49.5290483591513
"hsa-miR-378e-3p"	43.0929396284139	52.0019911098478	69.7240632818886	98.3210457729548	41.7460923214902	113.648418300919	71.9768537802653	60.972589796171	38.0193356656665	25.1216376760617	54.4414948438137	36.4950882646378
"hsa-miR-22-3p"	6119.19742723477	5024.27748148551	9228.24794483212	8640.54714161848	5222.43614941842	6500.43975006905	6320.1214300133	6053.57712424074	8842.21120910072	879.257318662158	14424.5215202086	5143.20065329503
"hsa-miR-31-3p"	10.9844748072428	25.4477828835425	21.4535579328888	7.02293184092534	30.2659169330804	27.4754417870354	29.0675755651072	25.4810823028774	10.8626673330476	0	4.33057345348518	7.8203760567081
"hsa-miR-1304-3p"	7.60463640501422	11.0642534276272	18.2355242429555	28.0917273637014	14.6111323125216	19.9821394814803	23.5308945050867	18.2007730734839	16.2940009995714	50.2432753521233	13.6103737109534	7.8203760567081
"hsa-miR-9-2-5p"	92.1005964607277	71.9176472795767	42.9071158657776	51.5015001667858	68.8810523304588	94.9151625370313	48.4459592751786	115.574909016623	48.8820029987141	452.18947816911	22.8901739684217	109.485264793913
"hsa-miR-548o-3p"	87.0308388573849	141.622443873628	101.904400181222	90.1276252918752	115.845406192135	71.1863719027735	88.5868969603266	98.2841745968129	59.7446703317616	100.486550704247	16.084987112945	67.7765924914702
"hsa-miR-335-3p"	114.91450567577	152.686697301255	165.192396083244	168.550364182208	128.369233888582	116.146185736104	175.789623655648	177.457537466468	59.7446703317616	25.1216376760617	102.077802832151	114.698848831719
"hsa-miR-30d-3p"	43.0929396284139	39.8313123394579	34.3256926926221	31.603193284164	26.0913077009314	22.4799069166653	38.7567674201429	25.4810823028774	21.7253346660951	50.2432753521233	15.4663337624471	20.8543361512216
"hsa-miR-125a-5p"	480.78201271701	736.879278279971	966.48278487664	805.296184426106	1521.64506511832	771.810137472176	844.343861653113	941.89000655279	1433.87208796228	678.284217253665	1880.08753216307	1251.2601690733
"hsa-miR-362-5p"	35.4883032233997	33.1927602828816	15.0174905530222	9.36390912123379	31.3095692411176	26.2265580694429	22.1467242400816	40.0417007616645	43.4506693321903	125.608188380308	10.517106958464	49.5290483591513
"hsa-miR-6510-3p"	3.37983840222854	18.8092308269662	26.816947416111	26.9212387235471	10.4365230803725	6.24441858796259	5.53668106002041	24.5710436492032	21.7253346660951	0	8.66114690697036	10.4271680756108
"hsa-miR-26a-2-5p"	5786.28334461526	5815.37160156085	2573.35427405001	3406.12194284879	7810.69387335081	8827.11011594391	3641.75196722843	4517.4318768387	9059.46455576168	6983.81527394514	3818.94713262343	6384.03365429271
"hsa-miR-330-5p"	22.8139092150426	14.3835294559153	21.4535579328888	32.7736819243183	26.0913077009314	18.7332557638878	33.2200863601225	18.2007730734839	10.8626673330476	50.2432753521233	14.2290270614513	23.4611281701243
"hsa-miR-934-5p"	4.22479800278568	8.85140274210175	47.1978274523554	14.0458636818507	9.39287077233529	8.74218602314762	73.3610240452704	33.6714301859452	10.8626673330476	0	33.4072809268857	59.9562164347621
"hsa-let-7f-1-5p"	15647.8068427176	13079.0539767981	9203.5763532093	8718.96988050881	22405.1277489438	13250.6562436566	16467.4736427657	13140.0481204017	14181.2122032936	2738.25850669072	19395.4011914591	13458.8671935946
"hsa-miR-548o-2-3p"	87.0308388573849	141.622443873628	101.904400181222	90.1276252918752	115.845406192135	71.1863719027735	88.5868969603266	98.2841745968129	59.7446703317616	100.486550704247	16.084987112945	67.7765924914702
"hsa-miR-27a-3p"	12447.9448354077	9925.74174992435	19662.1858454926	25310.6463546949	19506.9052895243	21502.0309657904	22001.3863622561	19890.7148533569	11210.2726877051	854.135680986096	12734.3605666484	10043.9696488321
"hsa-miR-874-3p"	4.22479800278568	13.2771041131526	8.58142317315552	12.8753750416965	8.34921846429803	11.2399534583327	19.3783837100714	9.10038653674194	21.7253346660951	100.486550704247	12.3730670099577	5.2135840378054
"hsa-miR-378d-1-3p"	175.751596915884	178.134480184798	142.666160253711	223.563330269457	87.6667938751294	233.541255189801	152.258729150561	140.145952665826	92.3326723309044	75.364913028185	186.214658499863	86.0241366237891
"hsa-miR-1246-5p"	2220.55383026415	1811.21828610257	1955.49180558281	2715.5336451578	1030.08482803277	4504.72356935621	712.847686477628	636.117018918261	1933.55478528247	4295.80004260654	2442.44342776564	3208.96097526922
"hsa-miR-374a-5p"	65.9068488434565	96.2590048203566	55.7792506255109	69.0588297690992	107.496187727837	72.435255620366	80.281875370296	118.305024977645	32.5880019991427	50.2432753521233	30.9326675248941	91.2377206615945
"hsa-miR-335-5p"	70.1316468462422	37.6184616539324	36.471048485911	42.137591045552	44.8770492456019	22.4799069166653	41.5251079501531	41.8617780690129	81.4700049978568	25.1216376760617	194.257152056335	93.8445126804972
"hsa-miR-23b-3p"	1022.40111667413	704.792943339852	479.487019800065	744.430775138086	1098.96588036323	765.565718884213	624.260789517301	687.079183524016	1102.56073430433	150.72982605637	1122.23717780316	654.304796744578
"hsa-miR-143-3p"	30.4185456200569	42.0441630249833	20.3808800362444	29.2622160038556	7.30556615626078	24.9776743518503	12.4575323850459	11.8305024977645	43.4506693321903	25.1216376760617	91.5606958736866	5.2135840378054
"hsa-miR-320c-2-3p"	139.418334091927	198.050136354527	385.091364895354	454.149592379839	105.408883111763	229.794604037023	260.224009820959	169.2671895834	157.50867632919	100.486550704247	459.040786069429	112.092056812816
"hsa-miR-6087-3p"	11.8294344077999	13.2771041131526	26.816947416111	14.0458636818507	25.0476553928941	23.7287906342578	20.7625539750765	20.0208503808323	21.7253346660951	0	34.6445876278814	13.0339600945135
"hsa-miR-641-5p"	6.75967680445708	5.5321267138136	8.58142317315552	3.51146592046267	8.34921846429803	14.9866046111102	8.30502159003062	14.5606184587871	10.8626673330476	25.1216376760617	4.94922680398306	7.8203760567081
"hsa-miR-1303-5p"	3.37983840222854	4.42570137105088	2.14535579328888	5.85244320077112	13.5674800044843	4.99553487037007	9.68919185503572	10.9204638440903	5.43133366652379	0	9.89845360796612	44.3154643213459
"hsa-miR-148b-3p"	3099.31181484357	2649.88869591671	1362.30092873844	1324.99314065458	1737.68109288203	1940.76529713877	1260.97911141965	1470.6224643375	3258.80019991427	2487.0421299301	1236.68804764527	2101.07436723558
"hsa-miR-135b-3p"	11.8294344077999	8.85140274210175	3.21803368993332	2.34097728030845	11.4801753884098	1.24888371759252	6.92085132502551	10.0104251904161	0	25.1216376760617	4.33057345348518	0
"hsa-let-7g-5p"	7593.65193020697	7045.716582713	4989.02489729329	5020.22577762146	10708.9163327703	8687.23513957355	8264.88065234547	7934.62702138529	6664.24640882469	1406.81170985945	12792.5139815952	7987.21074591787
"hsa-miR-1254-2-5p"	0.844959600557135	1.10642534276272	2.14535579328888	0	5.21826154018627	0	4.15251079501531	4.55019326837097	5.43133366652379	25.1216376760617	8.66114690697036	5.2135840378054
"hsa-miR-873-3p"	5.06975760334281	12.1706787703899	10.7267789664444	12.8753750416965	4.17460923214902	16.2354883287027	4.15251079501531	6.37027057571936	0	0	18.5596005149365	7.8203760567081
"hsa-miR-328-3p"	22.8139092150426	19.9156561697289	53.633894832222	40.9671024053978	27.1349600089686	18.7332557638878	37.3725971551378	31.8513528785968	97.7640059974281	50.2432753521233	116.9254832441	23.4611281701243
"hsa-miR-222-3p"	1999.17441491818	3232.97485155267	5773.15243974038	3342.91555628046	1969.3719052663	2455.30538878689	5012.08052958348	4689.42918238312	1873.81011495071	703.405854929727	11871.9577960544	3818.95030769245
"hsa-miR-9-1-5p"	92.1005964607277	71.9176472795767	42.9071158657776	51.5015001667858	68.8810523304588	94.9151625370313	48.4459592751786	115.574909016623	48.8820029987141	452.18947816911	22.8901739684217	109.485264793913
"hsa-miR-148b-5p"	55.7673336367709	73.0240726223395	63.287995902022	58.5244320077112	94.9723600313901	71.1863719027735	74.7451943102756	86.4536720990484	48.8820029987141	75.364913028185	20.4155605664301	57.3494244158594
"hsa-miR-27b-3p"	9712.81060840427	7892.13196992648	6815.79535527877	11070.4815585786	10916.6031420697	11396.0639230317	9224.110645994	7961.01814234185	7462.65245780368	2763.38014436678	6166.1179444124	5578.53492045178
"hsa-miR-378g-5p"	24.5038284161569	26.5542082263053	21.4535579328888	53.8424774470943	21.9166984687823	28.7243255046279	23.5308945050867	30.0312755712484	43.4506693321903	0	45.1616945863454	18.2475441323189
"hsa-miR-548d-1-5p"	10.9844748072428	14.3835294559153	2.14535579328888	9.36390912123379	7.30556615626078	9.99106974074014	1.3841702650051	6.37027057571936	0	0	13.6103737109534	0
"hsa-miR-203a-3p"	1522.61720020396	850.841088584531	394.745465965154	595.7787178385	2141.57453609245	1032.82683444901	478.922911691766	677.0687583336	1004.7967283069	175.851463732432	401.506024473126	570.887452139691
"hsa-miR-19b-2-3p"	591.471720389995	260.009955549239	181.28256453291	63.2063865683281	590.707206349086	242.283441212948	315.590820421163	273.921634755932	624.603371650235	351.702927464863	163.324484531441	659.518380782383
"hsa-miR-181a-1-3p"	33.7983840222854	40.9377376822206	40.7617600724887	52.6719888069401	66.7937477143843	42.4620463981456	52.5984700701939	52.7822419131032	38.0193356656665	0	14.2290270614513	46.9222563402486
"hsa-miR-1180-3p"	151.247768499727	227.92362060912	209.172189845666	214.199421148223	105.408883111763	163.60376700462	117.654472525434	130.13552747541	200.95934566138	150.72982605637	124.967976800572	75.5969685481783
"hsa-miR-548x-2-3p"	27.0387072178283	12.1706787703899	17.162846346311	19.8983068826218	22.9603507768196	23.7287906342578	22.1467242400816	24.5710436492032	0	0	9.27980025746824	15.6407521134162
"hsa-miR-148a-5p"	95.4804348629563	71.9176472795767	43.979793762422	56.1834547274027	149.242280049327	123.639488041659	85.8185564303164	122.855218246016	157.50867632919	150.72982605637	25.3647873704132	117.305640850621
"hsa-miR-194-1-5p"	21.1239900139284	17.7028054842035	24.6715916228221	31.603193284164	62.6191384822353	17.4843720462952	22.1467242400816	39.1316621079903	27.1566683326189	0	22.8901739684217	18.2475441323189
"hsa-let-7a-1-5p"	11505.8148807865	11774.5784976809	11739.3869008768	12478.5793926842	9669.43863396516	9660.11555557812	9909.27492717153	10111.439480974	10558.5126477222	1758.51463732432	24898.3227441378	15171.5295500137
"hsa-let-7a-3-5p"	11534.5435072055	11788.9620271368	11762.9858146029	12494.9662336463	9683.00611396964	9673.85327647164	9928.6533108816	10135.1004859695	10574.8066487218	1808.75791267644	24931.1113717142	15205.4178462594
"hsa-miR-210-3p"	80.2711620529278	142.728869216391	269.242152057754	177.914273303442	154.460541589514	207.314697120358	401.40937685148	320.333606093316	76.038671331333	50.2432753521233	201.062338911812	224.184113625632
"hsa-miR-181a-2-3p"	26.1937476172712	29.8734842545934	76.1601306617552	69.0588297690992	40.7024400134529	48.7064649861082	73.3610240452704	40.9517394153387	38.0193356656665	0	38.9751610813666	18.2475441323189
"hsa-miR-29b-2-3p"	158.852404904741	82.9819007072039	49.3431832456442	66.7178524887907	69.924704638496	156.110464699065	110.733621200408	116.484947670297	59.7446703317616	50.2432753521233	73.619748709248	174.655065266481
"hsa-miR-548k-5p"	34.6433436228425	27.660633569068	30.0349811060443	32.7736819243183	29.2222646250431	36.217627810183	23.5308945050867	25.4810823028774	16.2940009995714	25.1216376760617	15.4663337624471	28.6747122079297
"hsa-miR-99a-5p"	890.587418987221	1537.93122644018	1304.37632231964	1569.62526644681	1587.39516052466	1529.88255405083	1573.8015913108	1697.22208910237	1537.06742762623	1783.63627500038	457.184826017935	1637.0653878709
"hsa-miR-16-2-3p"	822.145691342093	462.485793274817	565.30125153162	475.218387902615	653.326344831321	467.082510379602	372.341801286373	523.272225862661	515.97669831976	376.824565140925	809.198582451231	586.528204253107
"hsa-miR-151a-3p"	7651.10918304486	17263.5546231267	28171.7395995729	20279.8861793121	23352.7640446416	11885.626340328	23266.5179844708	22181.2821446548	10259.7892960634	3592.39418767682	4666.50222280553	5737.54923360484
"hsa-miR-125b-1-5p"	970.858581040148	2044.67403342551	2545.46464873726	2036.65023386835	2260.55089920869	2305.43934267579	2874.9216404156	2197.74334862318	1444.73475529533	276.338014436678	5237.51926531508	1965.52118225264
"hsa-miR-324-5p"	26.1937476172712	16.5963801414408	13.9448126563777	11.7048864015422	16.6984369285961	14.9866046111102	19.3783837100714	18.2007730734839	0	25.1216376760617	6.18653350497883	13.0339600945135
"hsa-miR-221-5p"	148.712889698056	222.391493895307	166.265073979888	92.4686025721837	106.4525354198	116.146185736104	283.754904326046	216.589199574458	276.998016992713	125.608188380308	416.972358235573	383.198426778697
"hsa-miR-877-5p"	10.9844748072428	11.0642534276272	33.2530147959776	21.068795522776	17.7420892366333	18.7332557638878	40.140937685148	25.4810823028774	10.8626673330476	25.1216376760617	19.1782538654344	15.6407521134162
"hsa-miR-140-5p"	11.8294344077999	8.85140274210175	17.162846346311	11.7048864015422	8.34921846429803	8.74218602314762	17.9942134450663	8.19034788306774	16.2940009995714	25.1216376760617	14.8476804119492	13.0339600945135
"hsa-miR-199b-3p"	11.8294344077999	18.8092308269662	12.8721347597333	14.0458636818507	16.6984369285961	6.24441858796259	9.68919185503572	7.28030922939355	59.7446703317616	0	44.5430412358476	7.8203760567081
"hsa-miR-450b-5p"	372.627183845697	247.839276778849	46.1251495557109	119.389841295731	162.809760053812	146.119394958325	45.6776187451684	80.083401523329	190.096678328333	150.72982605637	56.2974548953073	130.339600945135
"hsa-miR-30c-2-5p"	1049.43982389196	999.102084514735	1088.76806509411	723.36197961531	1856.65745599828	1106.51097378697	1535.04482389066	1648.08000180396	1015.65939563995	1607.78481126795	1172.34809919349	1814.32724515628
"hsa-miR-744-5p"	37.1782224245139	64.1726698802377	126.575991804044	86.6161593714125	122.107320040359	87.4218602314762	107.965280670398	70.9830149865871	10.8626673330476	301.45965211274	136.103737109534	23.4611281701243
"hsa-miR-107-3p"	291.511062192212	181.453756213086	137.302770770488	133.435704977581	196.206633911004	261.016696976836	159.179580475587	232.969895340594	255.272682326618	502.432753521233	551.838788644111	341.489754476254
"hsa-let-7d-5p"	652.308811630108	511.168508356376	711.185445475264	641.427774804514	727.425658701966	557.002138046263	589.656532892174	607.905820654361	526.839365652807	100.486550704247	1206.99268682137	740.328933368367
"hsa-miR-548d-2-5p"	10.9844748072428	15.4899547986781	2.14535579328888	9.36390912123379	7.30556615626078	9.99106974074014	1.3841702650051	6.37027057571936	0	0	13.6103737109534	0
"hsa-miR-26b-5p"	987.757773051291	1705.00145319735	658.624228539686	1211.45574255962	1240.9025942563	1925.77869252766	1249.90574929961	1698.13212775605	1004.7967283069	904.37895633822	1050.47338914541	1798.68649304286
"hsa-miR-378a-3p"	5639.26037411832	6637.44563123355	6422.12256721026	7926.5490711244	5734.86943266471	8069.03769936525	7161.6969511364	7304.88027304275	4035.48091422717	5426.27373802932	11086.8866942726	3925.82878046747
"hsa-miR-378a-5p"	27.0387072178283	29.8734842545934	28.9623032093999	19.8983068826218	25.0476553928941	18.7332557638878	22.1467242400816	30.0312755712484	21.7253346660951	50.2432753521233	27.2207474219068	26.067920189027
"hsa-miR-181b-2-5p"	588.936841588323	536.616291239919	934.302447977307	976.187525888622	297.440907790617	515.78897536571	514.911338581898	521.452148555313	597.446703317616	376.824565140925	1123.47448450416	855.027782200085
"hsa-miR-181a-2-5p"	778.207792113122	992.463532458159	1334.41130342568	1495.8844821171	769.171751023456	964.138229981423	1157.16634154427	1310.45566129084	1254.63807696699	653.162579577603	1477.34420098894	1793.47290900506
"hsa-miR-26a-1-5p"	5784.59342541415	5816.47802690361	2573.35427405001	3406.12194284879	7810.69387335081	8825.86123222632	3641.75196722843	4516.52183818502	9059.46455576168	6983.81527394514	3818.94713262343	6378.8200702549
"hsa-miR-30e-3p"	373.472143446254	685.983712512886	388.309398585287	380.408808050123	446.683187839945	390.900603606458	423.556101091561	434.998476456265	505.114030986712	251.216376760617	104.552416234142	354.523714570767
"hsa-miR-15b-5p"	51.5425356339852	47.5762897387969	68.6513853852442	57.353943367557	137.762104660918	86.1729765138837	92.7394077553419	115.574909016623	43.4506693321903	125.608188380308	91.5606958736866	52.135840378054
"hsa-miR-5096-3p"	6.75967680445708	12.1706787703899	3.21803368993332	15.2163523220049	10.4365230803725	12.4888371759252	9.68919185503572	13.6505798051129	5.43133366652379	25.1216376760617	14.8476804119492	33.8882962457351
"hsa-miR-196b-5p"	145.333051295827	178.134480184798	164.119718186599	173.232318742825	169.071673902035	208.56358083795	127.343664380469	196.568349193626	162.940009995714	175.851463732432	253.647873704132	169.441481228675
"hsa-miR-139-5p"	51.5425356339852	32.0863349401189	80.450842248333	42.137591045552	140.893061585029	24.9776743518503	73.3610240452704	63.7027057571935	21.7253346660951	0	29.0767074734005	18.2475441323189
"hsa-miR-99b-3p"	514.580396739295	573.128327551089	603.91765581082	662.496570327291	519.738849402553	462.086975509231	503.837976461857	553.30350143391	483.388696320617	200.973101408493	389.751610813666	411.873138986626
"hsa-miR-941-4-3p"	49.0076568323138	111.748959619035	110.485823354377	63.2063865683281	98.1033169555019	69.937488185181	125.959494115464	111.934754401926	65.1760039982854	100.486550704247	38.9751610813666	49.5290483591513
"hsa-miR-4470-3p"	9.29455560612849	3.31927602828816	16.0901684496666	7.02293184092534	5.21826154018627	6.24441858796259	4.15251079501531	8.19034788306774	27.1566683326189	0	6.80518685547671	7.8203760567081
"hsa-miR-339-3p"	35.4883032233997	33.1927602828816	65.4333516953108	95.9800684926463	52.1826154018627	64.9419533148109	56.7509808652092	46.4119713373839	27.1566683326189	25.1216376760617	96.5099226776697	36.4950882646378
"hsa-miR-19b-1-3p"	590.626760789438	260.009955549239	181.28256453291	63.2063865683281	590.707206349086	242.283441212948	315.590820421163	273.921634755932	624.603371650235	351.702927464863	163.324484531441	659.518380782383
"hsa-miR-3065-3p"	1.68991920111427	2.21285068552544	3.21803368993332	5.85244320077112	8.34921846429803	11.2399534583327	0	6.37027057571936	0	0	8.04249355647248	0
"hsa-miR-1273a-3p"	5.06975760334281	3.31927602828816	7.50874527651108	7.02293184092534	10.4365230803725	17.4843720462952	16.6100431800612	10.9204638440903	108.626673330476	25.1216376760617	34.0259342773835	612.596124442134
"hsa-miR-339-5p"	47.3177376311996	81.8754753644412	86.8869096281996	66.7178524887907	111.670796959986	133.630557782399	96.8919185503572	112.8447930556	32.5880019991427	50.2432753521233	54.4414948438137	59.9562164347621
"hsa-miR-5096-5p"	3.37983840222854	2.21285068552544	3.21803368993332	4.68195456061689	3.13095692411176	8.74218602314762	4.15251079501531	2.73011596102258	0	50.2432753521233	19.1782538654344	26.067920189027
"hsa-miR-182-5p"	1797.22907038503	3658.94860851631	4230.64162436567	2085.81075675483	5027.27316781545	2587.6870628517	6008.68312038715	7060.07987520439	2672.2161639297	1859.00118802856	4076.30692643055	5583.74850448958
"hsa-miR-1285-2-3p"	8.44959600557135	16.5963801414408	11.7994568630888	7.02293184092534	1.04365230803725	4.99553487037007	8.30502159003062	4.55019326837097	0	0	12.9917203604555	0
"hsa-miR-7706-3p"	36.3332628239568	67.4919459085259	235.989137261777	177.914273303442	117.93271080821	131.132790347214	199.320518160735	195.658310539952	70.6073376648092	276.338014436678	67.4332152042692	67.7765924914702
"hsa-miR-941-3-3p"	49.0076568323138	111.748959619035	110.485823354377	63.2063865683281	98.1033169555019	69.937488185181	125.959494115464	111.934754401926	65.1760039982854	100.486550704247	38.9751610813666	49.5290483591513
"hsa-miR-671-3p"	13.5193536089142	18.8092308269662	33.2530147959776	42.137591045552	36.5278307813039	31.2220929398129	22.1467242400816	27.3011596102258	10.8626673330476	25.1216376760617	22.2715206179238	5.2135840378054
"hsa-miR-450a-1-5p"	283.06146618664	283.244887747256	81.5235201449774	172.061830102671	237.952726232494	177.341487898137	74.7451943102756	161.986880354006	157.50867632919	276.338014436678	42.068427833856	169.441481228675
"hsa-miR-576-3p"	51.5425356339852	42.0441630249833	37.5437263825554	33.9441705644725	43.8333969375647	42.4620463981456	30.4517458301123	32.761391532271	70.6073376648092	25.1216376760617	35.8818943288772	26.067920189027
"hsa-miR-92b-3p"	270.387072178283	247.839276778849	385.091364895354	379.238319409968	226.472550844084	289.741022481464	346.042566251276	246.620475145706	244.41001499357	50.2432753521233	443.574452306982	284.140330060394
"hsa-miR-664a-3p"	10.1395152066856	11.0642534276272	9.65410106979996	9.36390912123379	18.7857415446706	7.4933023055551	29.0675755651072	10.9204638440903	5.43133366652379	0	3.09326675248941	7.8203760567081
"hsa-miR-340-3p"	19.4340708128141	30.9799095973561	20.3808800362444	35.1146592046267	43.8333969375647	17.4843720462952	17.9942134450663	36.4015461469677	10.8626673330476	25.1216376760617	8.04249355647248	18.2475441323189
"hsa-miR-20b-5p"	13.5193536089142	0	1.07267789664444	1.17048864015422	19.8293938527078	4.99553487037007	2.76834053001021	6.37027057571936	32.5880019991427	50.2432753521233	7.42384020597459	7.8203760567081
"hsa-miR-125b-1-3p"	457.968103501967	588.618282349767	1358.01021715186	993.744855490936	443.552230915833	418.376045393493	628.413300312317	672.518565065229	276.998016992713	0	1221.22171388282	273.713161984783
"hsa-miR-199a-1-3p"	11.8294344077999	18.8092308269662	12.8721347597333	14.0458636818507	16.6984369285961	6.24441858796259	9.68919185503572	7.28030922939355	59.7446703317616	0	44.5430412358476	7.8203760567081
"hsa-miR-4419a-5p"	4.22479800278568	8.85140274210175	27.8896253127554	3.51146592046267	17.7420892366333	6.24441858796259	11.0733621200408	5.46023192204516	16.2940009995714	25.1216376760617	21.034213916928	46.9222563402486
"hsa-miR-18a-5p"	20.2790304133712	16.5963801414408	17.162846346311	16.3868409621591	56.3572246340117	37.4665115277755	37.3725971551378	39.1316621079903	16.2940009995714	200.973101408493	25.9834407209111	26.067920189027
"hsa-let-7e-3p"	9.29455560612849	6.63855205657631	19.3082021395999	23.4097728030845	17.7420892366333	16.2354883287027	12.4575323850459	10.9204638440903	16.2940009995714	25.1216376760617	15.4663337624471	15.6407521134162
"hsa-miR-7641-2-3p"	174.906637315327	400.525974080104	244.570560434932	304.327046440098	190.988372370818	377.16288271294	350.195077046291	178.367576120142	31284.481919177	125.608188380308	398.412757720636	34307.9897607784
"hsa-miR-200a-3p"	19626.7216017411	9180.01106890228	5397.71517591482	5160.68441443997	7870.18205490893	6957.53119070791	6844.72196045023	6532.25745607336	28889.26377224	1306.32515915521	6847.25528331057	23153.5267118938
"hsa-miR-196a-1-5p"	205.325182935384	222.391493895307	193.082021395999	238.779682591462	196.206633911004	194.825859944433	94.123578020347	187.467962656884	146.646008996142	50.2432753521233	296.334954888486	145.980353058551
"hsa-miR-769-5p"	153.782647301399	204.688688411103	142.666160253711	134.606193617736	136.71845235288	228.545720319431	215.930561340796	198.388426500974	157.50867632919	803.892405633973	86.6114690697036	122.519224888427
"hsa-miR-3182-5p"	339.673759423968	335.246878857104	263.878762574532	213.028932508069	705.508960233184	459.589208074046	495.532954871827	459.569520105468	4046.34358156022	351.702927464863	222.715206179238	6243.26688527196
"hsa-miR-221-3p"	4884.7114508208	5723.53829811155	11068.963215474	6496.21195285594	4414.64926299759	5421.40421806912	10712.0936808745	8816.45447679559	4567.7516135465	1155.59533309884	31677.5261588936	9360.99013987959
"hsa-miR-146a-5p"	839.044883353235	318.650498715663	47.1978274523554	266.871409955163	207.686809299414	113.648418300919	17.9942134450663	165.627034968703	1053.67873130561	75.364913028185	150.332764170986	377.984842740891
"hsa-miR-7641-1-5p"	49.0076568323138	60.8533938519496	50.4158611422887	64.3768752084823	72.0120092545705	56.1997672916633	85.8185564303164	60.0625511424968	130.352007996571	25.1216376760617	85.3741623687078	271.106369965881
"hsa-miR-320d-1-3p"	98.8602732651848	141.622443873628	281.041608920843	376.89734212966	76.1866184867196	172.345953027767	206.24136948576	131.955604782758	92.3326723309044	25.1216376760617	360.056249989768	62.5630084536648
"hsa-miR-6516-5p"	4.22479800278568	3.31927602828816	16.0901684496666	3.51146592046267	1.04365230803725	2.49776743518503	8.30502159003062	3.64015461469677	0	25.1216376760617	6.80518685547671	0
"hsa-miR-200b-5p"	39.7131012261854	36.5120363111697	99.7590443879329	70.2293184092534	110.627144651949	63.6930695972184	73.3610240452704	80.9934401770032	65.1760039982854	25.1216376760617	237.562886591187	54.7426323969567
"hsa-miR-1303-3p"	3.37983840222854	4.42570137105088	9.65410106979996	7.02293184092534	8.34921846429803	17.4843720462952	4.15251079501531	10.9204638440903	0	0	3.7119201029873	13.0339600945135
"hsa-miR-3607-3p"	5.06975760334281	7.74497739933903	0	7.02293184092534	6.26191384822353	3.74665115277755	4.15251079501531	7.28030922939355	27.1566683326189	25.1216376760617	1.85596005149365	5.2135840378054
"hsa-miR-320a-3p"	2281.39092150426	2278.12978074844	4599.64282081136	3538.38715918622	2562.16641623146	2046.92041313414	2437.52383667399	2380.66111801169	3231.64353158165	2160.4608401413	4544.62751275745	2314.8313127856
"hsa-miR-200b-3p"	6976.83142180027	7556.88509106937	6724.617734064	4368.26360505556	11880.9378746961	6037.10389084223	8922.36152822289	8312.29306266008	9662.34259274581	1004.86550704247	11270.6267393704	10549.6873004992
"hsa-miR-1299-3p"	3.37983840222854	4.42570137105088	23.5989137261777	10.534397761388	1.04365230803725	2.49776743518503	22.1467242400816	9.10038653674194	5.43133366652379	0	30.9326675248941	7.8203760567081
"hsa-miR-30c-1-5p"	1051.12974309308	1000.2085098575	1087.69538719746	723.36197961531	1856.65745599828	1106.51097378697	1535.04482389066	1649.90007911131	1021.09072930647	1607.78481126795	1172.34809919349	1814.32724515628
"hsa-miR-589-5p"	73.5114852484708	76.3433486506276	61.1426401087331	73.7407843297161	53.2262677099	58.6975347268483	52.5984700701939	62.7926671035194	48.8820029987141	75.364913028185	57.5347615963031	49.5290483591513
"hsa-miR-125b-2-5p"	971.703540640705	2060.16398822418	2566.91820667015	2046.01414298958	2273.07472690514	2317.92817985171	2888.76334306565	2207.75377381359	1450.16608896185	276.338014436678	5244.94310552105	1973.34155830934
"hsa-miR-95-3p"	196.030627329255	160.431674700594	153.392939220155	132.265216337427	163.853412361849	144.870511240732	191.015496570704	172.907344198097	173.802677328761	100.486550704247	87.8487757706993	125.12601690733
"hsa-miR-548f-3-3p"	10.9844748072428	13.2771041131526	1.07267789664444	2.34097728030845	1.04365230803725	6.24441858796259	5.53668106002041	5.46023192204516	0	25.1216376760617	1.23730670099577	7.8203760567081
"hsa-miR-7-1-5p"	1507.40792739393	1699.46932648354	1128.45714726995	655.473638486365	837.009151045878	696.877114416625	1144.70880915922	1365.05798051129	869.013386643806	3667.759100705	1230.50151414029	1986.37551840386
"hsa-miR-129-1-5p"	42.2479800278568	14.3835294559153	53.633894832222	31.603193284164	8.34921846429803	8.74218602314762	19.3783837100714	13.6505798051129	5.43133366652379	0	26.602094071409	15.6407521134162
"hsa-miR-132-3p"	39.7131012261854	23.2349321980171	22.5262358295332	17.5573296023134	40.7024400134529	28.7243255046279	31.8359160951174	24.5710436492032	54.3133366652379	50.2432753521233	39.5938144318645	15.6407521134162
"hsa-miR-192-5p"	806.936418532064	653.897377572767	458.033461867176	769.011036581325	958.072818778199	1162.71074107863	593.809043687189	676.158719679926	744.092712313759	452.18947816911	352.632409783793	557.853492045178
"hsa-miR-361-3p"	185.89111212257	392.780996680765	287.47767630071	229.415773470228	313.095692411176	204.816929685173	292.059925916077	414.067587421758	374.762022990141	150.72982605637	101.459149481653	375.378050721989
"hsa-miR-92a-1-3p"	7598.72168781032	4943.50843146383	3044.25987067692	2384.28535999415	3743.58082892963	5014.26812613396	2465.20724197409	2306.03794841041	10085.9866187347	12987.8866785239	7217.8286402588	4220.39627860347
"hsa-miR-101-2-3p"	2992.00194557282	3053.73394602511	1371.95502980824	1299.24239057119	1770.03431443118	2018.19608762951	1865.86151722688	1475.17265760587	4774.14229287441	3089.96143415558	1347.42699738439	3686.00391472842
"hsa-miR-423-3p"	966.633783037363	960.37719751804	1563.96437330759	1271.15066320749	868.318720286996	1227.65269439344	948.156631528495	878.187300795597	945.052057975139	3692.88073838106	1919.06269324443	980.153799107415
"hsa-miR-146b-5p"	581.332205183309	410.483802164969	430.14383655442	252.825546273312	683.592261764402	357.18074323146	377.878482346393	417.707742036455	657.191373649378	778.770767957911	201.68099226231	646.484420687869
"hsa-miR-16-2-5p"	171.526798913098	171.495928128221	235.989137261777	153.334011860203	228.559855460159	217.305766861098	210.393880280776	263.001170911842	211.822012994428	226.094739084555	447.286372409969	218.970529587827
"hsa-miR-455-5p"	54.0774144356566	96.2590048203566	30.0349811060443	36.2851478447809	99.1469692635391	27.4754417870354	34.6042566251276	82.8135174843516	48.8820029987141	75.364913028185	7.42384020597459	72.9901765292756
"hsa-miR-194-2-5p"	27.8836668183855	23.2349321980171	45.0524716590665	50.3310115266316	112.714449268023	37.4665115277755	41.5251079501531	66.4328217182161	32.5880019991427	0	50.7295747408264	31.2815042268324
"hsa-miR-424-3p"	287.286264189426	180.347330870323	188.791309809421	262.189455394546	595.925467889272	142.372743805547	92.7394077553419	203.848658423019	157.50867632919	175.851463732432	175.697551541399	119.912432869524
"hsa-miR-17-5p"	677.657599646822	504.5299562998	447.306682900732	255.166523553621	1451.72036047982	651.917300583294	650.560024552398	721.660652363636	678.916708315473	2537.28540528223	1568.28624351213	677.765924914702
"hsa-miR-101-1-3p"	3616.42709038454	3625.75584823343	1724.86605780426	1706.57243734486	2189.58254226216	2557.71385362948	2355.85779103868	1871.94951060782	5681.17501518388	3994.3403904938	1701.29671386918	4389.83775983215
"hsa-miR-7-2-5p"	1505.71800819281	1693.93719976972	1125.23911358002	654.303149846211	834.921846429803	694.37934698144	1143.32463889421	1357.7776712819	869.013386643806	3667.759100705	1228.6455540888	1975.94835032825
"hsa-miR-425-5p"	431.774355884696	754.582083764175	659.696906436331	406.159558133516	955.985514162125	458.340324356454	705.926835152602	1000.13248038794	521.408031986283	276.338014436678	312.419942001431	745.542517406172
"hsa-miR-96-5p"	196.030627329255	308.692670630799	423.707769174554	210.68795522776	319.3576062594	201.070278532395	463.697038776709	455.019326837097	244.41001499357	150.72982605637	276.538047672554	464.00897936468
"hsa-miR-501-3p"	54.0774144356566	40.9377376822206	24.6715916228221	38.6261251250894	17.7420892366333	36.217627810183	24.9150647700918	27.3011596102258	65.1760039982854	75.364913028185	95.2726159766739	15.6407521134162
"hsa-miR-183-3p"	1.68991920111427	1.10642534276272	1.07267789664444	2.34097728030845	3.13095692411176	2.49776743518503	6.92085132502551	7.28030922939355	16.2940009995714	0	11.1357603089619	5.2135840378054
"hsa-miR-4791-5p"	38.0231820250711	78.5561993361531	23.5989137261777	80.7637161706414	32.3532215491549	67.4397207499959	80.281875370296	39.1316621079903	2487.55081926789	100.486550704247	49.4922680398306	1650.09934796541
"hsa-let-7a-2-5p"	12406.5418149804	12515.8834773319	12626.4915214017	13069.6761559621	10816.4125204981	10150.926856592	10712.0936808745	11049.6893329121	11416.663367033	1984.60937640887	26599.0008046565	16352.4063345766
"hsa-miR-103a-2-3p"	1641.75650388251	2025.86480259854	1571.4731185841	1131.86251502913	3761.32291816626	2266.72394743042	2735.12044365008	3134.17312325392	2009.5934566138	3366.29944859226	6140.13450369149	2726.70445177222
"hsa-miR-873-5p"	19.4340708128141	19.9156561697289	19.3082021395999	38.6261251250894	24.0040030848568	57.4486510092558	17.9942134450663	22.7509663418548	10.8626673330476	0	21.034213916928	10.4271680756108
"hsa-miR-106b-3p"	283.06146618664	474.656472045207	448.379360797376	326.566330603028	438.333969375647	365.922929254608	470.617890101735	343.084572435171	206.390679327904	376.824565140925	369.336050247236	187.689025360994
"hsa-miR-26a-2-3p"	10.9844748072428	8.85140274210175	0	2.34097728030845	16.6984369285961	6.24441858796259	6.92085132502551	1.82007730734839	16.2940009995714	0	1.85596005149365	2.6067920189027
"hsa-miR-548f-2-3p"	10.9844748072428	13.2771041131526	1.07267789664444	2.34097728030845	1.04365230803725	6.24441858796259	5.53668106002041	5.46023192204516	0	25.1216376760617	1.23730670099577	7.8203760567081
"hsa-miR-25-3p"	1870.7405556335	2556.94896712464	2959.51831684201	2425.25246239955	2208.36828380683	2189.29315693968	2289.41761831844	2284.19702072223	2699.37283226232	5175.0573612687	1805.23047675282	1587.53633951174
"hsa-miR-425-3p"	125.898980483013	123.919638389425	184.500598222844	175.573296023134	154.460541589514	134.879441499992	179.942134450663	160.166803046658	81.4700049978568	0	126.205283501568	59.9562164347621
"hsa-miR-193a-3p"	5.91471720389995	9.95782808486447	6.43606737986664	16.3868409621591	25.0476553928941	27.4754417870354	20.7625539750765	11.8305024977645	10.8626673330476	0	3.09326675248941	7.8203760567081
"hsa-miR-340-5p"	991.13761145352	826.499731043751	141.593482357066	239.950171231616	344.405261652294	502.051254472192	200.70468842574	413.157548768084	765.818046979854	1658.02808662007	242.51211339517	685.58630097141
"hsa-miR-320a-5p"	8.44959600557135	9.95782808486447	16.0901684496666	11.7048864015422	26.0913077009314	31.2220929398129	19.3783837100714	22.7509663418548	16.2940009995714	0	12.9917203604555	52.135840378054
"hsa-let-7b-5p"	5613.06662650105	5739.02825291022	5730.2453238746	6929.292749713	3343.86199495136	4770.73580120342	3846.60916644918	4828.66509639527	5480.2156695225	351.702927464863	4592.26382074578	5714.08810543472
"hsa-miR-199a-2-3p"	11.8294344077999	18.8092308269662	12.8721347597333	14.0458636818507	16.6984369285961	6.24441858796259	9.68919185503572	7.28030922939355	65.1760039982854	0	45.1616945863454	7.8203760567081
"hsa-miR-181c-5p"	31.263505220614	22.1285068552544	20.3808800362444	11.7048864015422	10.4365230803725	37.4665115277755	15.2258729150561	20.0208503808323	32.5880019991427	0	16.7036404634428	33.8882962457351
"hsa-miR-1273g-3p"	5.06975760334281	11.0642534276272	3.21803368993332	10.534397761388	9.39287077233529	17.4843720462952	13.841702650051	8.19034788306774	228.116013993999	25.1216376760617	21.034213916928	750.756101443977
"hsa-miR-324-3p"	11.8294344077999	24.3413575407798	16.0901684496666	19.8983068826218	13.5674800044843	26.2265580694429	9.68919185503572	11.8305024977645	5.43133366652379	75.364913028185	24.1274806694174	7.8203760567081
"hsa-miR-7704-5p"	3.37983840222854	5.5321267138136	10.7267789664444	8.19342048107957	2.08730461607451	21.2310231990728	11.0733621200408	3.64015461469677	5.43133366652379	0	17.9409471644386	5.2135840378054
"hsa-miR-486-2-5p"	10.9844748072428	4.42570137105088	4.29071158657776	7.02293184092534	8.34921846429803	6.24441858796259	4.15251079501531	3.64015461469677	0	25.1216376760617	14.2290270614513	5.2135840378054
"hsa-miR-125b-2-3p"	44.7828588295282	19.9156561697289	6.43606737986664	25.7507500833929	37.5714830893412	33.719860374998	0	10.0104251904161	54.3133366652379	150.72982605637	4.94922680398306	33.8882962457351
"hsa-let-7i-3p"	2.53487880167141	6.63855205657631	5.3633894832222	4.68195456061689	6.26191384822353	14.9866046111102	4.15251079501531	10.9204638440903	16.2940009995714	0	6.18653350497883	7.8203760567081
"hsa-miR-147b-3p"	27.8836668183855	33.1927602828816	62.2153180053775	35.1146592046267	27.1349600089686	31.2220929398129	69.2085132502551	23.661004995529	32.5880019991427	0	16.084987112945	10.4271680756108
"hsa-miR-29b-1-3p"	158.852404904741	84.0883260499667	49.3431832456442	66.7178524887907	69.924704638496	156.110464699065	110.733621200408	115.574909016623	59.7446703317616	50.2432753521233	73.0010953587502	177.261857285384
"hsa-miR-10b-5p"	4500.2548325673	3750.78191196562	510.594678802753	1941.84065401586	4601.46302613625	2531.48729556003	563.357297857077	2081.25840095288	11422.0947006995	9194.51938943857	476.36307988337	3662.54278655829
"hsa-miR-132-5p"	16.8991920111427	3.31927602828816	19.3082021395999	11.7048864015422	11.4801753884098	11.2399534583327	13.841702650051	11.8305024977645	27.1566683326189	50.2432753521233	3.7119201029873	10.4271680756108
"hsa-miR-200a-5p"	465.572739906981	668.280907028682	771.255407687352	608.654092880196	910.064812608486	644.423998277739	970.303355768577	708.010072558523	749.524045980282	50.2432753521233	307.470715197448	398.839178892113
"hsa-miR-30a-5p"	14921.1415862385	7617.73848492132	10960.6227479129	5903.9447009379	14329.3461893515	8441.20504720782	15290.9289175114	10131.4603313548	13399.1001553142	14118.3603739467	11879.3816362603	12457.859058336
"hsa-miR-660-5p"	315.169931007811	167.070226757171	50.4158611422887	62.0358979281738	90.7977507992411	79.9285579259211	67.82434298525	94.6440199821161	548.564700318902	100.486550704247	110.738949739121	383.198426778697
"hsa-miR-34a-5p"	21.9689496144855	9.95782808486447	6.43606737986664	8.19342048107957	14.6111323125216	7.4933023055551	4.15251079501531	19.1108117271581	16.2940009995714	100.486550704247	8.66114690697036	15.6407521134162
"hsa-miR-141-3p"	213.774778940955	108.429683590746	95.4683328013552	86.6161593714125	100.190621571576	114.897302018512	94.123578020347	101.92432921151	304.154685325332	0	73.619748709248	336.276170438448
"hsa-miR-181c-3p"	31.263505220614	16.5963801414408	20.3808800362444	36.2851478447809	36.5278307813039	43.7109301157381	33.2200863601225	24.5710436492032	32.5880019991427	25.1216376760617	18.5596005149365	10.4271680756108
"hsa-miR-454-3p"	53.2324548350995	52.0019911098478	4.29071158657776	11.7048864015422	58.4445292500862	41.2131626805531	56.7509808652092	42.7718167226871	54.3133366652379	100.486550704247	25.9834407209111	80.8105525859837
"hsa-miR-191-5p"	2612.61508492266	4120.32797644837	4328.25531296032	3592.22963663331	5463.51983257503	3912.75268721736	4678.49549571725	5041.61414135503	2873.17550959108	1482.17662288764	5462.09043154581	4705.25959411937
"hsa-miR-942-5p"	16.0542324105856	7.74497739933903	8.58142317315552	10.534397761388	20.8730461607451	11.2399534583327	1.3841702650051	3.64015461469677	10.8626673330476	25.1216376760617	11.7544136594598	20.8543361512216
"hsa-miR-122-5p"	811.16121653485	400.525974080104	758.383272927619	531.401842630018	108.539840035874	69.937488185181	98.2760888153623	129.225488821735	1200.32474030176	125.608188380308	770.842074720362	159.014313153065
"hsa-miR-215-5p"	49.852616432871	39.8313123394579	31.1076590026888	56.1834547274027	43.8333969375647	81.1774416435136	49.8301295401837	37.3115848006419	43.4506693321903	75.364913028185	30.9326675248941	20.8543361512216
"hsa-miR-941-2-3p"	49.0076568323138	111.748959619035	110.485823354377	63.2063865683281	98.1033169555019	69.937488185181	125.959494115464	111.934754401926	65.1760039982854	100.486550704247	38.9751610813666	49.5290483591513
"hsa-miR-30e-5p"	2515.44473085859	1757.0034443072	1073.75057454108	912.981139320294	1783.60179443567	1815.87692537952	1326.03511387489	1702.68232102442	2840.58750759194	3517.02927464863	1714.90708758013	4077.02271756382
"hsa-miR-1285-1-5p"	1.68991920111427	4.42570137105088	4.29071158657776	7.02293184092534	0	1.24888371759252	5.53668106002041	2.73011596102258	0	0	12.9917203604555	15.6407521134162
"hsa-miR-193a-5p"	45.6278184300853	27.660633569068	114.776534940955	70.2293184092534	36.5278307813039	33.719860374998	42.9092782151582	37.3115848006419	76.038671331333	0	343.352609526325	28.6747122079297
"hsa-miR-2110-5p"	10.9844748072428	9.95782808486447	13.9448126563777	9.36390912123379	5.21826154018627	6.24441858796259	4.15251079501531	5.46023192204516	10.8626673330476	0	25.9834407209111	15.6407521134162
"hsa-miR-126-5p"	34.6433436228425	38.7248869966952	9.65410106979996	25.7507500833929	34.4405261652294	28.7243255046279	19.3783837100714	12.7405411514387	38.0193356656665	50.2432753521233	15.4663337624471	20.8543361512216
"hsa-miR-1292-5p"	10.1395152066856	13.2771041131526	9.65410106979996	10.534397761388	8.34921846429803	3.74665115277755	6.92085132502551	10.9204638440903	16.2940009995714	0	13.6103737109534	5.2135840378054
"hsa-miR-1277-5p"	3.37983840222854	2.21285068552544	13.9448126563777	4.68195456061689	7.30556615626078	3.74665115277755	9.68919185503572	13.6505798051129	10.8626673330476	0	5.56788015448095	23.4611281701243
"hsa-miR-30b-5p"	190.960869725913	224.604344580832	85.8142317315552	98.3210457729548	269.262295473612	224.799069166653	244.998136905903	276.651750716955	103.195339663952	251.216376760617	63.7212951012819	299.78108217381
"hsa-miR-941-5-3p"	49.0076568323138	111.748959619035	110.485823354377	63.2063865683281	98.1033169555019	69.937488185181	125.959494115464	111.934754401926	65.1760039982854	100.486550704247	38.9751610813666	49.5290483591513
"hsa-miR-218-2-5p"	1202.3775115928	1009.0599125996	805.581100379974	510.333047107241	995.644301867541	1658.51757696286	966.150844973562	1355.95759397455	689.779375648521	6179.92286831117	467.083279625901	1428.52202635868
"hsa-miR-197-3p"	41.4030204272996	99.5782808486447	70.796741178533	60.8654092880196	124.194624656433	117.395069453697	105.196940140388	92.8239426747677	32.5880019991427	100.486550704247	67.4332152042692	54.7426323969567
"hsa-miR-1287-5p"	19.4340708128141	18.8092308269662	22.5262358295332	37.4556364849352	17.7420892366333	51.2042324212932	19.3783837100714	23.661004995529	16.2940009995714	0	21.6528672674259	28.6747122079297
"hsa-miR-17-3p"	13.5193536089142	12.1706787703899	13.9448126563777	4.68195456061689	16.6984369285961	13.7377208935177	17.9942134450663	13.6505798051129	10.8626673330476	0	12.3730670099577	13.0339600945135
"hsa-miR-345-5p"	111.534667273542	96.2590048203566	122.285280217466	172.061830102671	121.063667732321	117.395069453697	117.654472525434	113.754831709274	97.7640059974281	75.364913028185	126.823936852066	72.9901765292756
"hsa-miR-3615-3p"	212.929819340398	381.716743253138	1189.59978737868	852.115730032275	551.04841864367	423.371580263863	689.316791972541	611.545975269058	515.97669831976	125.608188380308	522.762081170711	190.295817379897
"hsa-miR-499a-5p"	54.9223740362138	29.8734842545934	27.8896253127554	24.5802614432387	31.3095692411176	26.2265580694429	27.6834053001021	31.8513528785968	54.3133366652379	25.1216376760617	53.8228414933158	41.7086723024432
"hsa-miR-504-5p"	1.68991920111427	0	0	11.7048864015422	4.17460923214902	2.49776743518503	0	9.10038653674194	0	50.2432753521233	0.618653350497883	2.6067920189027
