#node1	node2	node1_string_id	node2_string_id	node1_external_id	node2_external_id	neighborhood	fusion	cooccurence	homology	coexpression	experimental	knowledge	textmining	combined_score
SRSF2	HNRNPA2B1	1853940	1853084	ENSP00000353089	ENSP00000346694	0.000	0.000	0.000	0.000	0.096	0.684	0.900	0.542	0.985
HNRNPU	FUS	1846836	1844273	ENSP00000283179	ENSP00000254108	0.000	0.000	0.000	0.000	0.000	0.576	0.900	0.240	0.964
PTBP1	HNRNPL	1853438	1842831	ENSP00000349428	ENSP00000221419	0.000	0.000	0.000	0.699	0.000	0.984	0.900	0.928	0.998
PCBP2	HNRNPU	1853847	1846836	ENSP00000352438	ENSP00000283179	0.000	0.000	0.000	0.000	0.000	0.000	0.900	0.430	0.940
HNRNPU	SF3A2	1846836	1842843	ENSP00000283179	ENSP00000221494	0.000	0.000	0.000	0.000	0.000	0.895	0.900	0.053	0.989
SRRM1	HNRNPU	1850815	1846836	ENSP00000326261	ENSP00000283179	0.000	0.000	0.000	0.000	0.000	0.000	0.900	0.126	0.908
HNRNPH1	SF3A2	1853404	1842843	ENSP00000349168	ENSP00000221494	0.000	0.000	0.000	0.000	0.000	0.000	0.900	0.071	0.903
SRSF4	HNRNPH1	1855988	1853404	ENSP00000362900	ENSP00000349168	0.000	0.000	0.000	0.000	0.142	0.110	0.900	0.383	0.946
HNRNPF	HNRNPD	1852109	1849608	ENSP00000338477	ENSP00000313199	0.000	0.000	0.000	0.000	0.076	0.896	0.900	0.486	0.994
POLR2A	HNRNPU	1849743	1846836	ENSP00000314949	ENSP00000283179	0.000	0.000	0.000	0.000	0.000	0.913	0.900	0.000	0.990
PTBP1	HNRNPA2B1	1853438	1853084	ENSP00000349428	ENSP00000346694	0.000	0.000	0.000	0.000	0.000	0.947	0.900	0.629	0.997
SRSF4	HNRNPF	1855988	1852109	ENSP00000362900	ENSP00000338477	0.000	0.000	0.000	0.000	0.142	0.110	0.900	0.306	0.939
HNRNPA1	SF3A2	1852510	1842843	ENSP00000341826	ENSP00000221494	0.000	0.000	0.000	0.000	0.000	0.930	0.900	0.331	0.994
HNRNPA3	PCBP2	1858016	1853847	ENSP00000376309	ENSP00000352438	0.000	0.000	0.000	0.000	0.000	0.221	0.900	0.423	0.951
POLR2A	FUS	1849743	1844273	ENSP00000314949	ENSP00000254108	0.000	0.000	0.000	0.000	0.000	0.576	0.900	0.000	0.955
HNRNPK	SF3A2	1856467	1842843	ENSP00000365439	ENSP00000221494	0.000	0.000	0.000	0.000	0.000	0.895	0.900	0.047	0.989
PCBP2	HNRNPL	1853847	1842831	ENSP00000352438	ENSP00000221419	0.000	0.000	0.000	0.000	0.000	0.912	0.900	0.564	0.995
YBX1	HNRNPF	1855704	1852109	ENSP00000361626	ENSP00000338477	0.000	0.000	0.000	0.000	0.000	0.000	0.900	0.267	0.923
PTBP1	HNRNPH1	1853438	1853404	ENSP00000349428	ENSP00000349168	0.000	0.000	0.000	0.000	0.000	0.000	0.900	0.658	0.964
HNRNPA2B1	TARDBP	1853084	1843553	ENSP00000346694	ENSP00000240185	0.000	0.000	0.000	0.681	0.095	0.692	0.000	0.591	0.762
SRSF2	HNRNPL	1853940	1842831	ENSP00000353089	ENSP00000221419	0.000	0.000	0.000	0.000	0.077	0.102	0.900	0.425	0.946
PTBP1	SF3A2	1853438	1842843	ENSP00000349428	ENSP00000221494	0.000	0.000	0.000	0.000	0.000	0.000	0.900	0.155	0.911
SRSF2	HNRNPU	1853940	1846836	ENSP00000353089	ENSP00000283179	0.000	0.000	0.000	0.000	0.000	0.000	0.900	0.329	0.930
PCBP2	PTBP1	1853847	1853438	ENSP00000352438	ENSP00000349428	0.000	0.000	0.000	0.000	0.000	0.570	0.900	0.720	0.986
HNRNPA2B1	HNRNPU	1853084	1846836	ENSP00000346694	ENSP00000283179	0.000	0.000	0.000	0.000	0.000	0.000	0.900	0.509	0.948
HNRNPK	HNRNPA1	1856467	1852510	ENSP00000365439	ENSP00000341826	0.000	0.000	0.000	0.000	0.000	0.783	0.900	0.779	0.994
HNRNPA3	YBX1	1858016	1855704	ENSP00000376309	ENSP00000361626	0.000	0.000	0.000	0.000	0.105	0.000	0.900	0.291	0.931
HNRNPK	FUS	1856467	1844273	ENSP00000365439	ENSP00000254108	0.000	0.000	0.000	0.000	0.000	0.303	0.900	0.447	0.958
HNRNPH1	POLR2A	1853404	1849743	ENSP00000349168	ENSP00000314949	0.000	0.000	0.000	0.000	0.000	0.102	0.900	0.000	0.906
HNRNPA1	HNRNPF	1852510	1852109	ENSP00000341826	ENSP00000338477	0.000	0.000	0.000	0.000	0.112	0.489	0.900	0.808	0.990
HNRNPK	HNRNPD	1856467	1849608	ENSP00000365439	ENSP00000313199	0.000	0.000	0.000	0.000	0.000	0.702	0.900	0.620	0.987
SRSF4	PCBP2	1855988	1853847	ENSP00000362900	ENSP00000352438	0.000	0.000	0.000	0.000	0.073	0.221	0.900	0.842	0.987
HNRNPH1	TARDBP	1853404	1843553	ENSP00000349168	ENSP00000240185	0.000	0.000	0.000	0.000	0.115	0.304	0.000	0.443	0.627
YBX1	HNRNPD	1855704	1849608	ENSP00000361626	ENSP00000313199	0.000	0.000	0.000	0.000	0.114	0.564	0.900	0.902	0.995
HNRNPK	YBX1	1856467	1855704	ENSP00000365439	ENSP00000361626	0.000	0.000	0.000	0.000	0.000	0.803	0.900	0.896	0.997
YBX1	PCBP2	1855704	1853847	ENSP00000361626	ENSP00000352438	0.000	0.000	0.000	0.000	0.000	0.566	0.900	0.326	0.968
HNRNPA2B1	HNRNPD	1853084	1849608	ENSP00000346694	ENSP00000313199	0.000	0.000	0.000	0.807	0.089	0.909	0.900	0.647	0.992
HNRNPA3	HNRNPU	1858016	1846836	ENSP00000376309	ENSP00000283179	0.000	0.000	0.000	0.000	0.000	0.596	0.900	0.395	0.973
PTBP1	SRRM1	1853438	1850815	ENSP00000349428	ENSP00000326261	0.000	0.000	0.000	0.000	0.000	0.155	0.900	0.399	0.944
SRSF2	HNRNPA1	1853940	1852510	ENSP00000353089	ENSP00000341826	0.000	0.000	0.000	0.673	0.096	0.149	0.900	0.786	0.937
ALYREF	POLR2A	1861534	1849743	ENSP00000421592	ENSP00000314949	0.000	0.000	0.000	0.000	0.000	0.000	0.900	0.086	0.904
PTBP1	HNRNPA1	1853438	1852510	ENSP00000349428	ENSP00000341826	0.000	0.000	0.000	0.000	0.000	0.966	0.900	0.822	0.999
PCBP2	POLR2A	1853847	1849743	ENSP00000352438	ENSP00000314949	0.000	0.000	0.000	0.000	0.065	0.075	0.900	0.000	0.905
ALYREF	HNRNPA2B1	1861534	1853084	ENSP00000421592	ENSP00000346694	0.000	0.000	0.000	0.000	0.000	0.270	0.900	0.271	0.942
PCBP2	HNRNPA2B1	1853847	1853084	ENSP00000352438	ENSP00000346694	0.000	0.000	0.000	0.000	0.000	0.221	0.900	0.499	0.957
ALYREF	HNRNPK	1861534	1856467	ENSP00000421592	ENSP00000365439	0.000	0.000	0.000	0.000	0.000	0.000	0.900	0.264	0.923
SRRM1	HNRNPL	1850815	1842831	ENSP00000326261	ENSP00000221419	0.000	0.000	0.000	0.000	0.000	0.000	0.900	0.266	0.923
HNRNPA3	SRSF4	1858016	1855988	ENSP00000376309	ENSP00000362900	0.000	0.000	0.000	0.000	0.076	0.300	0.900	0.218	0.942
SRSF10	FUS	1861465	1844273	ENSP00000420195	ENSP00000254108	0.000	0.000	0.000	0.000	0.077	0.812	0.000	0.680	0.939
SRSF2	HNRNPF	1853940	1852109	ENSP00000353089	ENSP00000338477	0.000	0.000	0.000	0.000	0.090	0.084	0.900	0.530	0.955
YBX1	PTBP1	1855704	1853438	ENSP00000361626	ENSP00000349428	0.000	0.000	0.000	0.000	0.000	0.389	0.900	0.504	0.967
FUS	SF3A2	1844273	1842843	ENSP00000254108	ENSP00000221494	0.000	0.000	0.000	0.000	0.000	0.895	0.900	0.080	0.989
ALYREF	SRSF10	1861534	1861465	ENSP00000421592	ENSP00000420195	0.000	0.000	0.000	0.000	0.000	0.270	0.000	0.232	0.415
HNRNPU	TARDBP	1846836	1843553	ENSP00000283179	ENSP00000240185	0.000	0.000	0.000	0.000	0.067	0.304	0.000	0.207	0.440
HNRNPH1	HNRNPA2B1	1853404	1853084	ENSP00000349168	ENSP00000346694	0.000	0.000	0.000	0.000	0.140	0.982	0.900	0.622	0.999
HNRNPH1	HNRNPL	1853404	1842831	ENSP00000349168	ENSP00000221419	0.000	0.000	0.000	0.000	0.089	0.909	0.900	0.547	0.995
YBX1	HNRNPA2B1	1855704	1853084	ENSP00000361626	ENSP00000346694	0.000	0.000	0.000	0.000	0.105	0.843	0.900	0.391	0.990
FUS	HNRNPL	1844273	1842831	ENSP00000254108	ENSP00000221419	0.000	0.000	0.000	0.000	0.091	0.303	0.900	0.191	0.941
PTBP1	HNRNPU	1853438	1846836	ENSP00000349428	ENSP00000283179	0.000	0.000	0.000	0.000	0.000	0.733	0.900	0.387	0.982
SRSF2	FUS	1853940	1844273	ENSP00000353089	ENSP00000254108	0.000	0.000	0.000	0.000	0.070	0.576	0.900	0.459	0.975
POLR2A	HNRNPD	1849743	1849608	ENSP00000314949	ENSP00000313199	0.000	0.000	0.000	0.000	0.000	0.149	0.900	0.000	0.911
HNRNPA1	HNRNPD	1852510	1849608	ENSP00000341826	ENSP00000313199	0.000	0.000	0.000	0.804	0.089	0.939	0.900	0.764	0.994
HNRNPD	FUS	1849608	1844273	ENSP00000313199	ENSP00000254108	0.000	0.000	0.000	0.000	0.077	0.303	0.900	0.211	0.942
HNRNPA3	HNRNPF	1858016	1852109	ENSP00000376309	ENSP00000338477	0.000	0.000	0.000	0.000	0.112	0.302	0.900	0.426	0.959
SRSF4	YBX1	1855988	1855704	ENSP00000362900	ENSP00000361626	0.000	0.000	0.000	0.000	0.000	0.000	0.900	0.299	0.926
HNRNPH1	SRRM1	1853404	1850815	ENSP00000349168	ENSP00000326261	0.000	0.000	0.000	0.000	0.000	0.000	0.900	0.253	0.922
HNRNPA3	HNRNPK	1858016	1856467	ENSP00000376309	ENSP00000365439	0.000	0.000	0.000	0.000	0.000	0.549	0.900	0.415	0.971
SRSF4	SRRM1	1855988	1850815	ENSP00000362900	ENSP00000326261	0.000	0.000	0.000	0.000	0.000	0.626	0.900	0.492	0.979
HNRNPA2B1	SF3A2	1853084	1842843	ENSP00000346694	ENSP00000221494	0.000	0.000	0.000	0.000	0.000	0.930	0.900	0.185	0.993
YBX1	SRRM1	1855704	1850815	ENSP00000361626	ENSP00000326261	0.000	0.000	0.000	0.000	0.000	0.000	0.900	0.190	0.915
SRSF2	HNRNPD	1853940	1849608	ENSP00000353089	ENSP00000313199	0.000	0.000	0.000	0.000	0.000	0.149	0.900	0.388	0.943
ALYREF	FUS	1861534	1844273	ENSP00000421592	ENSP00000254108	0.000	0.000	0.000	0.000	0.000	0.000	0.900	0.361	0.933
HNRNPK	HNRNPL	1856467	1842831	ENSP00000365439	ENSP00000221419	0.000	0.000	0.000	0.000	0.000	0.819	0.900	0.633	0.992
HNRNPK	HNRNPF	1856467	1852109	ENSP00000365439	ENSP00000338477	0.000	0.000	0.000	0.000	0.000	0.558	0.900	0.909	0.995
HNRNPA1	HNRNPU	1852510	1846836	ENSP00000341826	ENSP00000283179	0.000	0.000	0.000	0.000	0.000	0.748	0.900	0.630	0.989
HNRNPK	SRSF2	1856467	1853940	ENSP00000365439	ENSP00000353089	0.000	0.000	0.000	0.000	0.000	0.000	0.900	0.498	0.947
HNRNPU	HNRNPL	1846836	1842831	ENSP00000283179	ENSP00000221419	0.000	0.000	0.000	0.000	0.000	0.000	0.900	0.489	0.946
SRSF4	HNRNPL	1855988	1842831	ENSP00000362900	ENSP00000221419	0.000	0.000	0.000	0.000	0.000	0.000	0.900	0.159	0.912
HNRNPA1	POLR2A	1852510	1849743	ENSP00000341826	ENSP00000314949	0.000	0.000	0.000	0.000	0.000	0.149	0.900	0.152	0.921
SRSF4	HNRNPD	1855988	1849608	ENSP00000362900	ENSP00000313199	0.000	0.000	0.000	0.000	0.091	0.300	0.900	0.259	0.946
ALYREF	SF3A2	1861534	1842843	ENSP00000421592	ENSP00000221494	0.000	0.000	0.000	0.000	0.000	0.725	0.900	0.102	0.973
SRSF2	SRRM1	1853940	1850815	ENSP00000353089	ENSP00000326261	0.000	0.000	0.000	0.000	0.000	0.155	0.900	0.678	0.970
PCBP2	SRRM1	1853847	1850815	ENSP00000352438	ENSP00000326261	0.000	0.000	0.000	0.000	0.000	0.000	0.900	0.201	0.916
SRSF4	FUS	1855988	1844273	ENSP00000362900	ENSP00000254108	0.000	0.000	0.000	0.000	0.077	0.564	0.900	0.113	0.959
SRSF4	HNRNPA2B1	1855988	1853084	ENSP00000362900	ENSP00000346694	0.000	0.000	0.000	0.000	0.076	0.300	0.900	0.368	0.953
HNRNPA3	SF3A2	1858016	1842843	ENSP00000376309	ENSP00000221494	0.000	0.000	0.000	0.000	0.000	0.930	0.900	0.185	0.993
HNRNPA2B1	HNRNPA1	1853084	1852510	ENSP00000346694	ENSP00000341826	0.000	0.000	0.000	0.946	0.000	0.847	0.900	0.842	0.984
HNRNPA3	HNRNPA1	1858016	1852510	ENSP00000376309	ENSP00000341826	0.000	0.000	0.000	0.949	0.000	0.000	0.900	0.608	0.903
YBX1	SRSF2	1855704	1853940	ENSP00000361626	ENSP00000353089	0.000	0.000	0.000	0.000	0.000	0.000	0.900	0.329	0.930
ALYREF	YBX1	1861534	1855704	ENSP00000421592	ENSP00000361626	0.000	0.000	0.000	0.000	0.000	0.644	0.900	0.178	0.968
HNRNPA2B1	POLR2A	1853084	1849743	ENSP00000346694	ENSP00000314949	0.000	0.000	0.000	0.000	0.000	0.149	0.900	0.083	0.915
PCBP2	HNRNPH1	1853847	1853404	ENSP00000352438	ENSP00000349168	0.000	0.000	0.000	0.000	0.000	0.000	0.900	0.305	0.927
HNRNPA1	TARDBP	1852510	1843553	ENSP00000341826	ENSP00000240185	0.000	0.000	0.000	0.674	0.071	0.658	0.000	0.607	0.733
HNRNPA3	SRRM1	1858016	1850815	ENSP00000376309	ENSP00000326261	0.000	0.000	0.000	0.000	0.111	0.000	0.900	0.089	0.911
YBX1	HNRNPL	1855704	1842831	ENSP00000361626	ENSP00000221419	0.000	0.000	0.000	0.000	0.000	0.340	0.900	0.358	0.953
ALYREF	SRSF4	1861534	1855988	ENSP00000421592	ENSP00000362900	0.000	0.000	0.000	0.000	0.114	0.666	0.900	0.185	0.972
SRSF4	SF3A2	1855988	1842843	ENSP00000362900	ENSP00000221494	0.000	0.000	0.000	0.000	0.000	0.923	0.900	0.143	0.992
HNRNPA3	HNRNPD	1858016	1849608	ENSP00000376309	ENSP00000313199	0.000	0.000	0.000	0.796	0.089	0.905	0.900	0.556	0.991
YBX1	HNRNPA1	1855704	1852510	ENSP00000361626	ENSP00000341826	0.000	0.000	0.000	0.000	0.105	0.297	0.900	0.569	0.969
SRSF2	HNRNPH1	1853940	1853404	ENSP00000353089	ENSP00000349168	0.000	0.000	0.000	0.000	0.090	0.102	0.900	0.632	0.965
HNRNPK	PCBP2	1856467	1853847	ENSP00000365439	ENSP00000352438	0.000	0.000	0.000	0.757	0.000	0.570	0.900	0.948	0.965
HNRNPA3	HNRNPL	1858016	1842831	ENSP00000376309	ENSP00000221419	0.000	0.000	0.000	0.000	0.000	0.915	0.900	0.532	0.995
SRSF2	SF3A2	1853940	1842843	ENSP00000353089	ENSP00000221494	0.000	0.000	0.000	0.000	0.076	0.895	0.900	0.350	0.992
SRSF2	TARDBP	1853940	1843553	ENSP00000353089	ENSP00000240185	0.000	0.000	0.000	0.000	0.101	0.000	0.000	0.395	0.432
PTBP1	TARDBP	1853438	1843553	ENSP00000349428	ENSP00000240185	0.000	0.000	0.000	0.000	0.000	0.304	0.000	0.392	0.558
SRRM1	POLR2A	1850815	1849743	ENSP00000326261	ENSP00000314949	0.000	0.000	0.000	0.000	0.080	0.000	0.900	0.072	0.907
HNRNPK	TARDBP	1856467	1843553	ENSP00000365439	ENSP00000240185	0.000	0.000	0.000	0.000	0.000	0.778	0.000	0.313	0.840
HNRNPK	SRSF4	1856467	1855988	ENSP00000365439	ENSP00000362900	0.000	0.000	0.000	0.000	0.000	0.000	0.900	0.216	0.918
YBX1	HNRNPU	1855704	1846836	ENSP00000361626	ENSP00000283179	0.000	0.000	0.000	0.000	0.000	0.827	0.900	0.407	0.988
PTBP1	POLR2A	1853438	1849743	ENSP00000349428	ENSP00000314949	0.000	0.000	0.000	0.000	0.000	0.102	0.900	0.092	0.911
HNRNPK	SRRM1	1856467	1850815	ENSP00000365439	ENSP00000326261	0.000	0.000	0.000	0.000	0.000	0.000	0.900	0.284	0.925
SRSF10	SF3A2	1861465	1842843	ENSP00000420195	ENSP00000221494	0.000	0.000	0.000	0.000	0.000	0.361	0.000	0.267	0.511
PCBP2	HNRNPD	1853847	1849608	ENSP00000352438	ENSP00000313199	0.000	0.000	0.000	0.000	0.000	0.843	0.900	0.574	0.992
HNRNPK	POLR2A	1856467	1849743	ENSP00000365439	ENSP00000314949	0.000	0.000	0.000	0.000	0.000	0.000	0.900	0.095	0.905
ALYREF	HNRNPL	1861534	1842831	ENSP00000421592	ENSP00000221419	0.000	0.000	0.000	0.000	0.000	0.000	0.900	0.836	0.982
PCBP2	FUS	1853847	1844273	ENSP00000352438	ENSP00000254108	0.000	0.000	0.000	0.000	0.000	0.303	0.900	0.298	0.946
HNRNPA3	PTBP1	1858016	1853438	ENSP00000376309	ENSP00000349428	0.000	0.000	0.000	0.000	0.000	0.911	0.900	0.432	0.994
SRSF4	SRSF2	1855988	1853940	ENSP00000362900	ENSP00000353089	0.000	0.000	0.000	0.000	0.272	0.724	0.900	0.894	0.997
HNRNPF	HNRNPU	1852109	1846836	ENSP00000338477	ENSP00000283179	0.000	0.000	0.000	0.000	0.000	0.000	0.900	0.472	0.944
HNRNPH1	FUS	1853404	1844273	ENSP00000349168	ENSP00000254108	0.000	0.000	0.000	0.000	0.075	0.303	0.900	0.241	0.944
ALYREF	HNRNPF	1861534	1852109	ENSP00000421592	ENSP00000338477	0.000	0.000	0.000	0.000	0.112	0.000	0.900	0.126	0.915
SRSF10	SRSF4	1861465	1855988	ENSP00000420195	ENSP00000362900	0.000	0.000	0.000	0.657	0.076	0.831	0.000	0.530	0.866
SRSF2	PTBP1	1853940	1853438	ENSP00000353089	ENSP00000349428	0.000	0.000	0.000	0.000	0.000	0.102	0.900	0.689	0.969
SRSF10	HNRNPA1	1861465	1852510	ENSP00000420195	ENSP00000341826	0.000	0.000	0.000	0.000	0.000	0.000	0.000	0.464	0.463
ALYREF	HNRNPA3	1861534	1858016	ENSP00000421592	ENSP00000376309	0.000	0.000	0.000	0.000	0.000	0.270	0.900	0.252	0.940
HNRNPF	POLR2A	1852109	1849743	ENSP00000338477	ENSP00000314949	0.000	0.000	0.000	0.000	0.000	0.576	0.900	0.000	0.955
HNRNPF	SRRM1	1852109	1850815	ENSP00000338477	ENSP00000326261	0.000	0.000	0.000	0.000	0.000	0.000	0.900	0.211	0.917
SRSF2	PCBP2	1853940	1853847	ENSP00000353089	ENSP00000352438	0.000	0.000	0.000	0.000	0.000	0.000	0.900	0.370	0.934
ALYREF	SRSF2	1861534	1853940	ENSP00000421592	ENSP00000353089	0.000	0.000	0.000	0.000	0.073	0.950	0.900	0.330	0.996
SRRM1	FUS	1850815	1844273	ENSP00000326261	ENSP00000254108	0.000	0.000	0.000	0.000	0.099	0.564	0.900	0.216	0.965
FUS	TARDBP	1844273	1843553	ENSP00000254108	ENSP00000240185	0.000	0.000	0.000	0.000	0.000	0.576	0.000	0.882	0.948
YBX1	SF3A2	1855704	1842843	ENSP00000361626	ENSP00000221494	0.000	0.000	0.000	0.000	0.000	0.895	0.900	0.000	0.989
SRSF4	HNRNPU	1855988	1846836	ENSP00000362900	ENSP00000283179	0.000	0.000	0.000	0.000	0.000	0.000	0.900	0.255	0.922
HNRNPD	HNRNPU	1849608	1846836	ENSP00000313199	ENSP00000283179	0.000	0.000	0.000	0.000	0.088	0.703	0.900	0.538	0.985
HNRNPF	FUS	1852109	1844273	ENSP00000338477	ENSP00000254108	0.000	0.000	0.000	0.000	0.075	0.303	0.900	0.143	0.937
PTBP1	HNRNPD	1853438	1849608	ENSP00000349428	ENSP00000313199	0.000	0.000	0.000	0.000	0.000	0.987	0.900	0.566	0.999
HNRNPA2B1	SRRM1	1853084	1850815	ENSP00000346694	ENSP00000326261	0.000	0.000	0.000	0.000	0.111	0.000	0.900	0.232	0.925
PTBP1	FUS	1853438	1844273	ENSP00000349428	ENSP00000254108	0.000	0.000	0.000	0.000	0.000	0.564	0.900	0.265	0.965
HNRNPH1	HNRNPU	1853404	1846836	ENSP00000349168	ENSP00000283179	0.000	0.000	0.000	0.000	0.000	0.357	0.900	0.472	0.963
HNRNPA3	SRSF2	1858016	1853940	ENSP00000376309	ENSP00000353089	0.000	0.000	0.000	0.675	0.096	0.149	0.900	0.357	0.925
POLR2A	SF3A2	1849743	1842843	ENSP00000314949	ENSP00000221494	0.000	0.000	0.000	0.000	0.000	0.000	0.900	0.226	0.919
PTBP1	HNRNPF	1853438	1852109	ENSP00000349428	ENSP00000338477	0.000	0.000	0.000	0.000	0.000	0.000	0.900	0.626	0.961
HNRNPK	HNRNPH1	1856467	1853404	ENSP00000365439	ENSP00000349168	0.000	0.000	0.000	0.000	0.088	0.422	0.900	0.583	0.975
ALYREF	SRRM1	1861534	1850815	ENSP00000421592	ENSP00000326261	0.000	0.000	0.000	0.000	0.000	0.950	0.900	0.472	0.997
HNRNPA1	HNRNPL	1852510	1842831	ENSP00000341826	ENSP00000221419	0.000	0.000	0.000	0.000	0.000	0.954	0.900	0.672	0.998
HNRNPF	HNRNPL	1852109	1842831	ENSP00000338477	ENSP00000221419	0.000	0.000	0.000	0.000	0.077	0.000	0.900	0.452	0.945
YBX1	POLR2A	1855704	1849743	ENSP00000361626	ENSP00000314949	0.000	0.000	0.000	0.000	0.000	0.000	0.900	0.137	0.910
ALYREF	HNRNPA1	1861534	1852510	ENSP00000421592	ENSP00000341826	0.000	0.000	0.000	0.000	0.000	0.466	0.900	0.417	0.966
PCBP2	SF3A2	1853847	1842843	ENSP00000352438	ENSP00000221494	0.000	0.000	0.000	0.000	0.000	0.000	0.900	0.000	0.900
ALYREF	HNRNPH1	1861534	1853404	ENSP00000421592	ENSP00000349168	0.000	0.000	0.000	0.000	0.112	0.000	0.900	0.097	0.912
ALYREF	PTBP1	1861534	1853438	ENSP00000421592	ENSP00000349428	0.000	0.000	0.000	0.000	0.000	0.000	0.900	0.142	0.910
HNRNPK	HNRNPA2B1	1856467	1853084	ENSP00000365439	ENSP00000346694	0.000	0.000	0.000	0.000	0.076	0.000	0.900	0.922	0.992
HNRNPH1	HNRNPF	1853404	1852109	ENSP00000349168	ENSP00000338477	0.000	0.000	0.000	0.983	0.071	0.931	0.900	0.964	0.993
HNRNPK	HNRNPU	1856467	1846836	ENSP00000365439	ENSP00000283179	0.000	0.000	0.000	0.000	0.000	0.623	0.900	0.565	0.982
HNRNPA3	POLR2A	1858016	1849743	ENSP00000376309	ENSP00000314949	0.000	0.000	0.000	0.000	0.000	0.149	0.900	0.000	0.911
YBX1	FUS	1855704	1844273	ENSP00000361626	ENSP00000254108	0.000	0.000	0.000	0.000	0.000	0.740	0.900	0.243	0.978
HNRNPK	PTBP1	1856467	1853438	ENSP00000365439	ENSP00000349428	0.000	0.000	0.000	0.000	0.000	0.856	0.900	0.661	0.994
HNRNPA3	HNRNPA2B1	1858016	1853084	ENSP00000376309	ENSP00000346694	0.000	0.000	0.000	0.648	0.000	0.898	0.900	0.700	0.991
HNRNPA3	TARDBP	1858016	1843553	ENSP00000376309	ENSP00000240185	0.000	0.000	0.000	0.668	0.071	0.304	0.000	0.505	0.434
HNRNPA1	FUS	1852510	1844273	ENSP00000341826	ENSP00000254108	0.000	0.000	0.000	0.000	0.077	0.000	0.900	0.459	0.945
YBX1	HNRNPH1	1855704	1853404	ENSP00000361626	ENSP00000349168	0.000	0.000	0.000	0.000	0.000	0.000	0.900	0.305	0.927
ALYREF	HNRNPU	1861534	1846836	ENSP00000421592	ENSP00000283179	0.000	0.000	0.000	0.000	0.000	0.000	0.900	0.194	0.915
HNRNPD	HNRNPL	1849608	1842831	ENSP00000313199	ENSP00000221419	0.000	0.000	0.000	0.000	0.000	0.902	0.900	0.503	0.994
SF3A2	HNRNPL	1842843	1842831	ENSP00000221494	ENSP00000221419	0.000	0.000	0.000	0.000	0.000	0.000	0.900	0.000	0.900
HNRNPH1	HNRNPD	1853404	1849608	ENSP00000349168	ENSP00000313199	0.000	0.000	0.000	0.000	0.076	0.941	0.900	0.518	0.997
HNRNPA2B1	HNRNPL	1853084	1842831	ENSP00000346694	ENSP00000221419	0.000	0.000	0.000	0.000	0.000	0.979	0.900	0.593	0.999
HNRNPA3	FUS	1858016	1844273	ENSP00000376309	ENSP00000254108	0.000	0.000	0.000	0.000	0.077	0.644	0.900	0.282	0.973
SRSF4	HNRNPA1	1855988	1852510	ENSP00000362900	ENSP00000341826	0.000	0.000	0.000	0.000	0.076	0.488	0.900	0.585	0.977
PCBP2	HNRNPA1	1853847	1852510	ENSP00000352438	ENSP00000341826	0.000	0.000	0.000	0.000	0.000	0.221	0.900	0.630	0.968
SRSF4	PTBP1	1855988	1853438	ENSP00000362900	ENSP00000349428	0.000	0.000	0.000	0.000	0.000	0.000	0.900	0.420	0.939
HNRNPA1	SRRM1	1852510	1850815	ENSP00000341826	ENSP00000326261	0.000	0.000	0.000	0.000	0.111	0.000	0.900	0.477	0.949
ALYREF	PCBP2	1861534	1853847	ENSP00000421592	ENSP00000352438	0.000	0.000	0.000	0.000	0.000	0.149	0.900	0.129	0.919
ALYREF	HNRNPD	1861534	1849608	ENSP00000421592	ENSP00000313199	0.000	0.000	0.000	0.000	0.000	0.270	0.900	0.264	0.941
HNRNPD	SF3A2	1849608	1842843	ENSP00000313199	ENSP00000221494	0.000	0.000	0.000	0.000	0.000	0.361	0.900	0.185	0.943
HNRNPA3	HNRNPH1	1858016	1853404	ENSP00000376309	ENSP00000349168	0.000	0.000	0.000	0.000	0.112	0.740	0.900	0.509	0.987
SRSF4	POLR2A	1855988	1849743	ENSP00000362900	ENSP00000314949	0.000	0.000	0.000	0.000	0.000	0.633	0.900	0.000	0.961
SRRM1	HNRNPD	1850815	1849608	ENSP00000326261	ENSP00000313199	0.000	0.000	0.000	0.000	0.000	0.000	0.900	0.161	0.912
HNRNPF	SF3A2	1852109	1842843	ENSP00000338477	ENSP00000221494	0.000	0.000	0.000	0.000	0.000	0.000	0.900	0.061	0.902
PCBP2	HNRNPF	1853847	1852109	ENSP00000352438	ENSP00000338477	0.000	0.000	0.000	0.000	0.000	0.000	0.900	0.235	0.920
HNRNPA2B1	FUS	1853084	1844273	ENSP00000346694	ENSP00000254108	0.000	0.000	0.000	0.000	0.077	0.000	0.900	0.396	0.939
SRSF2	POLR2A	1853940	1849743	ENSP00000353089	ENSP00000314949	0.000	0.000	0.000	0.000	0.000	0.301	0.900	0.394	0.953
SRRM1	SF3A2	1850815	1842843	ENSP00000326261	ENSP00000221494	0.000	0.000	0.000	0.000	0.000	0.895	0.900	0.299	0.992
POLR2A	HNRNPL	1849743	1842831	ENSP00000314949	ENSP00000221419	0.000	0.000	0.000	0.000	0.000	0.000	0.900	0.052	0.901
HNRNPA2B1	HNRNPF	1853084	1852109	ENSP00000346694	ENSP00000338477	0.000	0.000	0.000	0.000	0.112	0.302	0.900	0.905	0.993
HNRNPH1	HNRNPA1	1853404	1852510	ENSP00000349168	ENSP00000341826	0.000	0.000	0.000	0.000	0.112	0.836	0.900	0.753	0.995