ID	EdgeCount	Indegree	X.1	X.4	
ATP5A1	1	1	0.18725	0.00803
ATP5B	1	1	0.232755556	0.01808
PDIA3	2	2	0.25	0.00591
TIMM50	1	1	0.253	0.01617
PFN1	1	1	0.349333333	0.05872
LMNA	2	1	0.353	0.10989
SLC1A5	1	1	0.355	0.11271
CTNNB1	3	1	0.3664375	0.0129
HNRNPM	1	1	0.37	0.03313
HNRNPK	297	174	0.387	0.05879
SLC25A3	1	1	0.427131579	0.0197
RPL4	1	1	0.432666667	0.1418
CFL1	1	1	0.442333333	0.1545
XPO1	1	0	0.44325	0.1167
MYH10	1	1	0.457	0.22824
EEF2	1	1	0.458	0.17783
ACTB	1	1	0.481275	0.04465
PHGDH	1	1	0.4838	0.15275
SPTAN1	1	1	0.485468354	0.0318
YWHAZ	1	1	0.48876	0.02755
RPN2	1	1	0.5085	0.05684
HSPA5	1	1	0.533466667	0.1178
GNAS	1	1	0.540621212	0.03661
PHB	1	1	0.540693878	0.04215
RPS7	1	1	0.542285714	0.14773
SYNCRIP	3	2	0.55175	0.32342
CCT4	1	1	0.554	0.35498
HSPD1	1	1	0.55883908	0.04239
RPLP1	1	1	0.567	0.33716
HSP90B1	1	1	0.5775	0.43628
EEF1G	1	1	0.579	0.40945
UQCRC2	1	0	0.581543478	0.13567
SLC25A5	1	1	0.588697674	0.17302
EEF1A1	3	1	0.632458333	0.45577
SNRPD1	1	1	0.658166667	0.58725
ANXA5	1	1	0.696966667	0.76784
CSE1L	1	1	0.739347826	0.84993
KPNB1	1	1	0.776875	0.86614
VCP	2	2	0.809846154	0.92206
CKAP4	1	1	0.816382353	0.94678
NCL	2	1	0.823	0.92057
TUBA1A	1	1	0.842666667	0.96002
TUBA1B	1	1	0.844526316	0.95411
TUBB	1	1	0.8884	0.97354
GAPDH	1	1	0.9	0.95475
NPM1	1	1	0.910875	0.9799
HSPA8	1	1	0.945384615	0.99141
